# z        bx_sc        by_sc        bx_wo_sc        by_wo_sc
3.2001000e+00 1.6063052e+00 1.6067508e+00 1.6063052e+00 1.6067508e+00
3.2103000e+00 1.6387195e+00 1.6393431e+00 1.6267572e+00 1.6273420e+00
3.2217000e+00 1.6762377e+00 1.6768630e+00 1.6498678e+00 1.6504528e+00
3.2331000e+00 1.7152806e+00 1.7159484e+00 1.6734244e+00 1.6740098e+00
3.2444000e+00 1.7567401e+00 1.7574527e+00 1.6972906e+00 1.6978762e+00
3.2558000e+00 1.7995418e+00 1.8004076e+00 1.7214694e+00 1.7220552e+00
3.2665000e+00 1.8421912e+00 1.8429559e+00 1.7459637e+00 1.7465496e+00
3.2779000e+00 1.8888101e+00 1.8897801e+00 1.7694664e+00 1.7700524e+00
3.2892000e+00 1.9368411e+00 1.9376632e+00 1.7944452e+00 1.7951778e+00
3.3006000e+00 1.9872288e+00 1.9880570e+00 1.8198944e+00 1.8206280e+00
3.3120000e+00 2.0389390e+00 2.0397731e+00 1.8456714e+00 1.8464060e+00
3.3233000e+00 2.0918470e+00 2.0928507e+00 1.8717794e+00 1.8725148e+00
3.3341000e+00 2.1441640e+00 2.1450091e+00 1.8967141e+00 1.8974504e+00
3.3454000e+00 2.2000147e+00 2.2010339e+00 1.9234829e+00 1.9242200e+00
3.3568000e+00 2.2575153e+00 2.2584848e+00 1.9504393e+00 1.9511771e+00
3.3681000e+00 2.3165495e+00 2.3175247e+00 1.9780296e+00 1.9787219e+00
3.3795000e+00 2.3762012e+00 2.3771817e+00 2.0057058e+00 2.0064448e+00
3.3903000e+00 2.4341387e+00 2.4350618e+00 2.0335910e+00 2.0344867e+00
3.4016000e+00 2.4961457e+00 2.4970720e+00 2.0604755e+00 2.0613246e+00
3.4130000e+00 2.5583746e+00 2.5592381e+00 2.0891482e+00 2.0898400e+00
3.4243000e+00 2.6217444e+00 2.6227942e+00 2.1176898e+00 2.1185899e+00
3.4357000e+00 2.6847318e+00 2.6855280e+00 2.1460086e+00 2.1469100e+00
3.4471000e+00 2.7464771e+00 2.7472017e+00 2.1731495e+00 2.1740519e+00
3.4578000e+00 2.8026018e+00 2.8034435e+00 2.1965820e+00 2.1974336e+00
3.4692000e+00 2.8563788e+00 2.8569533e+00 2.2166779e+00 2.2175286e+00
3.4805000e+00 2.9013829e+00 2.9020007e+00 2.2290409e+00 2.2298894e+00
3.4919000e+00 2.9348959e+00 2.9353650e+00 2.2325440e+00 2.2332869e+00
3.5032000e+00 2.9639773e+00 2.9640356e+00 2.2341528e+00 2.2349990e+00
3.5140000e+00 3.0165777e+00 3.0166192e+00 2.2591132e+00 2.2599501e+00
3.5254000e+00 3.1316950e+00 3.1318040e+00 2.3292950e+00 2.3302270e+00
3.5367000e+00 3.2722440e+00 3.2722931e+00 2.4321115e+00 2.4331556e+00
3.5481000e+00 3.3746264e+00 3.3745666e+00 2.5118434e+00 2.5130224e+00
3.5594000e+00 3.4384119e+00 3.4381977e+00 2.5521017e+00 2.5532501e+00
3.5708000e+00 3.4780584e+00 3.4778081e+00 2.5581405e+00 2.5593298e+00
3.5815000e+00 3.4927521e+00 3.4921905e+00 2.5376746e+00 2.5386076e+00
3.5929000e+00 3.4796476e+00 3.4790223e+00 2.4929812e+00 2.4937918e+00
3.6043000e+00 3.4380120e+00 3.4372724e+00 2.4310384e+00 2.4319718e+00
3.6156000e+00 3.3896415e+00 3.3886532e+00 2.3727664e+00 2.3734056e+00
3.6270000e+00 3.4192516e+00 3.4182123e+00 2.3744966e+00 2.3751036e+00
3.6378000e+00 3.5958344e+00 3.5948644e+00 2.4808751e+00 2.4816761e+00
3.6492000e+00 3.8191894e+00 3.8180059e+00 2.6430050e+00 2.6440884e+00
3.6605000e+00 3.9351949e+00 3.9338333e+00 2.7475128e+00 2.7489432e+00
3.6719000e+00 3.9960081e+00 3.9946397e+00 2.7881479e+00 2.7894589e+00
3.6833000e+00 4.0454610e+00 4.0437701e+00 2.7907566e+00 2.7920310e+00
3.6940000e+00 4.0800087e+00 4.0782675e+00 2.7685177e+00 2.7697617e+00
3.7054000e+00 4.0926864e+00 4.0909324e+00 2.7226266e+00 2.7237837e+00
3.7168000e+00 4.0709478e+00 4.0692249e+00 2.6574900e+00 2.6582911e+00
3.7282000e+00 4.0226739e+00 4.0208337e+00 2.5872764e+00 2.5882135e+00
3.7390000e+00 4.0129020e+00 4.0110517e+00 2.5581353e+00 2.5588286e+00
3.7503000e+00 4.1439421e+00 4.1421437e+00 2.6231200e+00 2.6238631e+00
3.7617000e+00 4.3565835e+00 4.3544399e+00 2.7610719e+00 2.7621031e+00
3.7731000e+00 4.4807752e+00 4.4781204e+00 2.8659219e+00 2.8673244e+00
3.7845000e+00 4.5413896e+00 4.5388957e+00 2.9100901e+00 2.9114105e+00
3.7952000e+00 4.5922742e+00 4.5894901e+00 2.9164856e+00 2.9177586e+00
3.8066000e+00 4.6427032e+00 4.6399294e+00 2.8980643e+00 2.8996104e+00
3.8180000e+00 4.6774093e+00 4.6746754e+00 2.8584847e+00 2.8596855e+00
3.8294000e+00 4.6795803e+00 4.6768361e+00 2.7990452e+00 2.8001498e+00
3.8402000e+00 4.6458155e+00 4.6432059e+00 2.7289344e+00 2.7298857e+00
3.8516000e+00 4.6143933e+00 4.6116969e+00 2.6829902e+00 2.6836677e+00
3.8629000e+00 4.7007395e+00 4.6978718e+00 2.7117965e+00 2.7127155e+00
3.8743000e+00 4.9005930e+00 4.8975662e+00 2.8211410e+00 2.8223010e+00
3.8857000e+00 5.0368225e+00 5.0331953e+00 2.9209675e+00 2.9223339e+00
3.8965000e+00 5.0959988e+00 5.0922244e+00 2.9662995e+00 2.9677493e+00
3.9079000e+00 5.1486275e+00 5.1450589e+00 2.9767028e+00 2.9781724e+00
3.9192000e+00 5.2050614e+00 5.2012589e+00 2.9633199e+00 2.9648151e+00
3.9306000e+00 5.2540224e+00 5.2501140e+00 2.9300413e+00 2.9314267e+00
3.9414000e+00 5.2766738e+00 5.2730322e+00 2.8786295e+00 2.8799106e+00
3.9528000e+00 5.2586163e+00 5.2550915e+00 2.8173184e+00 2.8185599e+00
3.9642000e+00 5.2187463e+00 5.2154690e+00 2.7611144e+00 2.7619909e+00
3.9756000e+00 5.2654441e+00 5.2620478e+00 2.7623733e+00 2.7632578e+00
3.9870000e+00 5.4472368e+00 5.4434778e+00 2.8423205e+00 2.8435932e+00
3.9977000e+00 5.5927033e+00 5.5885108e+00 2.9294013e+00 2.9308798e+00
4.0091000e+00 5.6605516e+00 5.6561840e+00 2.9797117e+00 2.9809900e+00
4.0205000e+00 5.7105068e+00 5.7056382e+00 2.9925670e+00 2.9939306e+00
4.0319000e+00 5.7677110e+00 5.7630688e+00 2.9830280e+00 2.9844119e+00
4.0427000e+00 5.8230218e+00 5.8184796e+00 2.9560090e+00 2.9573470e+00
4.0541000e+00 5.8641996e+00 5.8597922e+00 2.9154532e+00 2.9166789e+00
4.0655000e+00 5.8639923e+00 5.8599106e+00 2.8586739e+00 2.8598572e+00
4.0768000e+00 5.8246524e+00 5.8207169e+00 2.8022082e+00 2.8032835e+00
4.0876000e+00 5.8334512e+00 5.8291793e+00 2.7846176e+00 2.7857030e+00
4.0990000e+00 5.9839794e+00 5.9793768e+00 2.8335523e+00 2.8347014e+00
4.1104000e+00 6.1530580e+00 6.1479494e+00 2.9127686e+00 2.9141177e+00
4.1218000e+00 6.2291878e+00 6.2236178e+00 2.9620015e+00 2.9634282e+00
4.1332000e+00 6.2744966e+00 6.2687837e+00 2.9769576e+00 2.9784672e+00
4.1440000e+00 6.3264524e+00 6.3208389e+00 2.9716338e+00 2.9731602e+00
4.1553000e+00 6.3896801e+00 6.3840255e+00 2.9507445e+00 2.9521531e+00
4.1667000e+00 6.4432512e+00 6.4374133e+00 2.9157694e+00 2.9168951e+00
4.1781000e+00 6.4602859e+00 6.4550534e+00 2.8673121e+00 2.8686308e+00
4.1889000e+00 6.4310851e+00 6.4258117e+00 2.8144112e+00 2.8153811e+00
4.2003000e+00 6.4127696e+00 6.4080240e+00 2.7858806e+00 2.7867993e+00
4.2117000e+00 6.5297388e+00 6.5247130e+00 2.8124263e+00 2.8134083e+00
4.2231000e+00 6.7086160e+00 6.7029113e+00 2.8770492e+00 2.8784681e+00
4.2339000e+00 6.7938901e+00 6.7873593e+00 2.9240251e+00 2.9252043e+00
4.2453000e+00 6.8370979e+00 6.8304134e+00 2.9398938e+00 2.9414672e+00
4.2566000e+00 6.8874807e+00 6.8806308e+00 2.9373160e+00 2.9385851e+00
4.2680000e+00 6.9513022e+00 6.9445360e+00 2.9205946e+00 2.9218130e+00
4.2794000e+00 7.0134666e+00 7.0067918e+00 2.8918679e+00 2.8934278e+00
4.2902000e+00 7.0469688e+00 7.0405838e+00 2.8541513e+00 2.8553420e+00
4.3016000e+00 7.0297703e+00 7.0236381e+00 2.8067981e+00 2.8078767e+00
4.3130000e+00 6.9958384e+00 6.9901161e+00 2.7710830e+00 2.7721732e+00
4.3244000e+00 7.0762260e+00 7.0702761e+00 2.7794532e+00 2.7805472e+00
4.3352000e+00 7.2482075e+00 7.2415498e+00 2.8261512e+00 2.8273733e+00
4.3465000e+00 7.3587502e+00 7.3516353e+00 2.8702331e+00 2.8715249e+00
4.3579000e+00 7.4013033e+00 7.3940225e+00 2.8883980e+00 2.8897642e+00
4.3693000e+00 7.4456577e+00 7.4382116e+00 2.8876683e+00 2.8890460e+00
4.3801000e+00 7.5044776e+00 7.4971282e+00 2.8745703e+00 2.8759636e+00
4.3915000e+00 7.5729505e+00 7.5655365e+00 2.8530531e+00 2.8543965e+00
4.4029000e+00 7.6226500e+00 7.6150062e+00 2.8201557e+00 2.8215160e+00
4.4143000e+00 7.6212356e+00 7.6139719e+00 2.7796200e+00 2.7808660e+00
4.4257000e+00 7.5803384e+00 7.5733779e+00 2.7432835e+00 2.7445391e+00
4.4365000e+00 7.6171164e+00 7.6101436e+00 2.7380282e+00 2.7388972e+00
4.4478000e+00 7.7872870e+00 7.7798774e+00 2.7713375e+00 2.7723299e+00
4.4592000e+00 7.9168694e+00 7.9091524e+00 2.8100439e+00 2.8111006e+00
4.4706000e+00 7.9622779e+00 7.9542200e+00 2.8283504e+00 2.8294765e+00
4.4814000e+00 7.9966532e+00 7.9885919e+00 2.8296486e+00 2.8311262e+00
4.4928000e+00 8.0507870e+00 8.0421537e+00 2.8212917e+00 2.8224380e+00
4.5042000e+00 8.1186728e+00 8.1101242e+00 2.8054666e+00 2.8066284e+00
4.5156000e+00 8.1831789e+00 8.1745652e+00 2.7840195e+00 2.7851326e+00
4.5264000e+00 8.2269361e+00 8.2186210e+00 2.7613627e+00 2.7624902e+00
4.5378000e+00 8.2567083e+00 8.2485646e+00 2.7411594e+00 2.7422359e+00
4.5492000e+00 8.3038199e+00 8.2956454e+00 2.7328739e+00 2.7339586e+00
4.5605000e+00 8.3857853e+00 8.3773378e+00 2.7381378e+00 2.7392267e+00
4.5713000e+00 8.4638422e+00 8.4551202e+00 2.7443911e+00 2.7455448e+00
4.5827000e+00 8.5308661e+00 8.5220606e+00 2.7445505e+00 2.7457040e+00
4.5941000e+00 8.5888846e+00 8.5798481e+00 2.7389970e+00 2.7401495e+00
4.6055000e+00 8.6432098e+00 8.6341176e+00 2.7316267e+00 2.7327782e+00
4.6169000e+00 8.6970444e+00 8.6878986e+00 2.7241582e+00 2.7253089e+00
4.6277000e+00 8.7486413e+00 8.7394437e+00 2.7173008e+00 2.7183879e+00
4.6391000e+00 8.8040531e+00 8.7942232e+00 2.7107507e+00 2.7119004e+00
4.6505000e+00 8.8609516e+00 8.8510612e+00 2.7048687e+00 2.7059554e+00
4.6619000e+00 8.9179373e+00 8.9085649e+00 2.6990525e+00 2.7001391e+00
4.6726000e+00 8.9722808e+00 8.9628512e+00 2.6939534e+00 2.6951023e+00
4.6840000e+00 9.0310326e+00 9.0209584e+00 2.6886837e+00 2.6898323e+00
4.6954000e+00 9.0893613e+00 9.0798082e+00 2.6834813e+00 2.6846297e+00
4.7068000e+00 9.1486129e+00 9.1384110e+00 2.6786303e+00 2.6793701e+00
4.7176000e+00 9.2048551e+00 9.1944134e+00 2.6737836e+00 2.6749316e+00
4.7290000e+00 9.2644252e+00 9.2540974e+00 2.6689414e+00 2.6700892e+00
4.7404000e+00 9.3243395e+00 9.3137657e+00 2.6641035e+00 2.6652511e+00
4.7518000e+00 9.3842367e+00 9.3735968e+00 2.6596152e+00 2.6607626e+00
4.7626000e+00 9.4416857e+00 9.4311651e+00 2.6551920e+00 2.6562778e+00
4.7740000e+00 9.5020855e+00 9.4919118e+00 2.6510557e+00 2.6522027e+00
4.7853000e+00 9.5636354e+00 9.5527972e+00 2.6465783e+00 2.6477251e+00
4.7967000e+00 9.6249684e+00 9.6140624e+00 2.6425555e+00 2.6436411e+00
4.8081000e+00 9.6864688e+00 9.6754949e+00 2.6383068e+00 2.6394534e+00
4.8189000e+00 9.7452869e+00 9.7342476e+00 2.6341767e+00 2.6353231e+00
4.8303000e+00 9.8077018e+00 9.7965932e+00 2.6297462e+00 2.6308314e+00
4.8417000e+00 9.8704947e+00 9.8593160e+00 2.6246768e+00 2.6257617e+00
4.8531000e+00 9.9329182e+00 9.9216709e+00 2.6186803e+00 2.6198251e+00
4.8639000e+00 9.9887559e+00 9.9776441e+00 2.6117755e+00 2.6128590e+00
4.8753000e+00 1.0038081e+01 1.0027126e+01 2.6033617e+00 2.6041035e+00
4.8866000e+00 1.0075304e+01 1.0064534e+01 2.5946613e+00 2.5958005e+00
4.8980000e+00 1.0126451e+01 1.0116252e+01 2.5909067e+00 2.5920431e+00
4.9088000e+00 1.0217818e+01 1.0206678e+01 2.5961384e+00 2.5968746e+00
4.9202000e+00 1.0306127e+01 1.0294269e+01 2.6066970e+00 2.6078320e+00
4.9316000e+00 1.0335546e+01 1.0323306e+01 2.6139805e+00 2.6151189e+00
4.9430000e+00 1.0359398e+01 1.0346794e+01 2.6148462e+00 2.6159925e+00
4.9538000e+00 1.0416624e+01 1.0403963e+01 2.6103626e+00 2.6115816e+00
4.9652000e+00 1.0512949e+01 1.0500539e+01 2.6027579e+00 2.6035833e+00
4.9766000e+00 1.0611564e+01 1.0599207e+01 2.5899787e+00 2.5911059e+00
4.9880000e+00 1.0652136e+01 1.0640584e+01 2.5740233e+00 2.5748752e+00
4.9987000e+00 1.0604865e+01 1.0593457e+01 2.5564680e+00 2.5572706e+00
5.0101000e+00 1.0574327e+01 1.0563901e+01 2.5475434e+00 2.5483512e+00
5.0215000e+00 1.0745361e+01 1.0733384e+01 2.5554787e+00 2.5563460e+00
5.0329000e+00 1.0929747e+01 1.0917037e+01 2.5713768e+00 2.5721842e+00
5.0443000e+00 1.0955469e+01 1.0942359e+01 2.5793575e+00 2.5802254e+00
5.0551000e+00 1.0958949e+01 1.0945705e+01 2.5797518e+00 2.5806240e+00
5.0665000e+00 1.1012797e+01 1.0999297e+01 2.5751892e+00 2.5761298e+00
5.0779000e+00 1.1112160e+01 1.1098037e+01 2.5681954e+00 2.5690876e+00
5.0893000e+00 1.1221374e+01 1.1207483e+01 2.5583741e+00 2.5592792e+00
5.1001000e+00 1.1283574e+01 1.1270253e+01 2.5460532e+00 2.5469109e+00
5.1115000e+00 1.1255392e+01 1.1243547e+01 2.5320986e+00 2.5329664e+00
5.1228000e+00 1.1199911e+01 1.1187999e+01 2.5218048e+00 2.5226787e+00
5.1342000e+00 1.1323933e+01 1.1311606e+01 2.5240175e+00 2.5248932e+00
5.1450000e+00 1.1520969e+01 1.1508091e+01 2.5347713e+00 2.5356465e+00
5.1564000e+00 1.1574658e+01 1.1560146e+01 2.5412036e+00 2.5417742e+00
5.1678000e+00 1.1567845e+01 1.1553697e+01 2.5410581e+00 2.5419960e+00
5.1792000e+00 1.1607102e+01 1.1592237e+01 2.5375007e+00 2.5384457e+00
5.1900000e+00 1.1691539e+01 1.1676755e+01 2.5317142e+00 2.5326696e+00
5.2014000e+00 1.1804546e+01 1.1789780e+01 2.5247609e+00 2.5257276e+00
5.2128000e+00 1.1890422e+01 1.1876200e+01 2.5155245e+00 2.5165030e+00
5.2242000e+00 1.1887033e+01 1.1873574e+01 2.5047289e+00 2.5057170e+00
5.2355000e+00 1.1820993e+01 1.1808425e+01 2.4953545e+00 2.4962912e+00
5.2463000e+00 1.1883499e+01 1.1870860e+01 2.4939473e+00 2.4945149e+00
5.2577000e+00 1.2095128e+01 1.2081174e+01 2.5002871e+00 2.5008537e+00
5.2691000e+00 1.2177686e+01 1.2162454e+01 2.5048261e+00 2.5054499e+00
5.2805000e+00 1.2166537e+01 1.2150954e+01 2.5041914e+00 2.5051913e+00
5.2913000e+00 1.2186641e+01 1.2171085e+01 2.5014290e+00 2.5020594e+00
5.3027000e+00 1.2263343e+01 1.2247669e+01 2.4968025e+00 2.4974405e+00
5.3141000e+00 1.2375558e+01 1.2360144e+01 2.4916375e+00 2.4922849e+00
5.3255000e+00 1.2475849e+01 1.2460735e+01 2.4849462e+00 2.4856034e+00
5.3363000e+00 1.2499661e+01 1.2485273e+01 2.4777942e+00 2.4784023e+00
5.3477000e+00 1.2436926e+01 1.2423459e+01 2.4704183e+00 2.4710330e+00
5.3590000e+00 1.2449688e+01 1.2436261e+01 2.4669843e+00 2.4676019e+00
5.3704000e+00 1.2648167e+01 1.2632866e+01 2.4694570e+00 2.4700745e+00
5.3812000e+00 1.2762963e+01 1.2746485e+01 2.4718890e+00 2.4725630e+00
5.3926000e+00 1.2755628e+01 1.2739311e+01 2.4710051e+00 2.4716804e+00
5.4040000e+00 1.2760606e+01 1.2743330e+01 2.4680457e+00 2.4687251e+00
5.4154000e+00 1.2823672e+01 1.2807339e+01 2.4644785e+00 2.4651646e+00
5.4262000e+00 1.2924991e+01 1.2908471e+01 2.4604741e+00 2.4611688e+00
5.4376000e+00 1.3036384e+01 1.3019584e+01 2.4566262e+00 2.4573297e+00
5.4490000e+00 1.3089227e+01 1.3072862e+01 2.4517713e+00 2.4524832e+00
5.4604000e+00 1.3040327e+01 1.3025136e+01 2.4465559e+00 2.4472176e+00
5.4718000e+00 1.3013631e+01 1.2998813e+01 2.4433523e+00 2.4436255e+00
5.4825000e+00 1.3171022e+01 1.3156234e+01 2.4433600e+00 2.4440822e+00
5.4939000e+00 1.3328760e+01 1.3312413e+01 2.4437172e+00 2.4444390e+00
5.5053000e+00 1.3333004e+01 1.3315140e+01 2.4416770e+00 2.4423997e+00
5.5167000e+00 1.3324779e+01 1.3306764e+01 2.4386214e+00 2.4393473e+00
5.5275000e+00 1.3368687e+01 1.3351457e+01 2.4359892e+00 2.4363264e+00
5.5389000e+00 1.3466871e+01 1.3448877e+01 2.4329855e+00 2.4337247e+00
5.5503000e+00 1.3583089e+01 1.3565374e+01 2.4308278e+00 2.4311779e+00
5.5617000e+00 1.3656986e+01 1.3639928e+01 2.4284279e+00 2.4287844e+00
5.5725000e+00 1.3632234e+01 1.3616929e+01 2.4259750e+00 2.4263366e+00
5.5839000e+00 1.3574278e+01 1.3559681e+01 2.4235174e+00 2.4238820e+00
5.5953000e+00 1.3692364e+01 1.3676454e+01 2.4224147e+00 2.4227803e+00
5.6066000e+00 1.3874937e+01 1.3857357e+01 2.4209437e+00 2.4212532e+00
5.6174000e+00 1.3900704e+01 1.3882080e+01 2.4178372e+00 2.4182034e+00
5.6288000e+00 1.3880423e+01 1.3861668e+01 2.4144156e+00 2.4151859e+00
5.6402000e+00 1.3909780e+01 1.3891022e+01 2.4118497e+00 2.4122221e+00
5.6516000e+00 1.3996540e+01 1.3977885e+01 2.4101193e+00 2.4104972e+00
5.6624000e+00 1.4107169e+01 1.4088556e+01 2.4091231e+00 2.4095071e+00
5.6738000e+00 1.4202062e+01 1.4184076e+01 2.4087714e+00 2.4095141e+00
5.6852000e+00 1.4204930e+01 1.4187810e+01 2.4086849e+00 2.4090797e+00
5.6966000e+00 1.4136387e+01 1.4120289e+01 2.4083655e+00 2.4087635e+00
5.7080000e+00 1.4204592e+01 1.4188402e+01 2.4069117e+00 2.4073112e+00
5.7188000e+00 1.4391465e+01 1.4373552e+01 2.4044537e+00 2.4048535e+00
5.7301000e+00 1.4453091e+01 1.4434006e+01 2.4000289e+00 2.4004292e+00
5.7415000e+00 1.4428321e+01 1.4408833e+01 2.3963013e+00 2.3967035e+00
5.7529000e+00 1.4441795e+01 1.4422075e+01 2.3938176e+00 2.3941680e+00
5.7637000e+00 1.4510963e+01 1.4491396e+01 2.3925384e+00 2.3929488e+00
5.7751000e+00 1.4623844e+01 1.4604320e+01 2.3928686e+00 2.3932847e+00
5.7865000e+00 1.4731276e+01 1.4712371e+01 2.3942742e+00 2.3946960e+00
5.7979000e+00 1.4759365e+01 1.4741290e+01 2.3962399e+00 2.3966666e+00
5.8087000e+00 1.4696542e+01 1.4679782e+01 2.3976941e+00 2.3981241e+00
5.8201000e+00 1.4705806e+01 1.4689087e+01 2.3975765e+00 2.3980080e+00
5.8315000e+00 1.4894602e+01 1.4875449e+01 2.3941749e+00 2.3946071e+00
5.8429000e+00 1.4990557e+01 1.4970770e+01 2.3886322e+00 2.3890098e+00
5.8537000e+00 1.4967016e+01 1.4946798e+01 2.3842356e+00 2.3842500e+00
5.8650000e+00 1.4958274e+01 1.4937873e+01 2.3815421e+00 2.3819245e+00
5.8764000e+00 1.5007220e+01 1.4985806e+01 2.3807210e+00 2.3807409e+00
5.8878000e+00 1.5102095e+01 1.5081729e+01 2.3813941e+00 2.3814174e+00
5.8986000e+00 1.5204340e+01 1.5184335e+01 2.3830404e+00 2.3834934e+00
5.9100000e+00 1.5288843e+01 1.5269261e+01 2.3852200e+00 2.3856781e+00
5.9214000e+00 1.5331863e+01 1.5312527e+01 2.3876252e+00 2.3876569e+00
5.9328000e+00 1.5372471e+01 1.5352402e+01 2.3876564e+00 2.3881217e+00
5.9442000e+00 1.5443470e+01 1.5423985e+01 2.3857567e+00 2.3862237e+00
5.9550000e+00 1.5508312e+01 1.5488143e+01 2.3837450e+00 2.3837810e+00
5.9664000e+00 1.5564078e+01 1.5542545e+01 2.3825216e+00 2.3825027e+00
5.9778000e+00 1.5615729e+01 1.5595123e+01 2.3821696e+00 2.3822057e+00
5.9891000e+00 1.5668276e+01 1.5646604e+01 2.3823684e+00 2.3823492e+00
5.9999000e+00 1.5716178e+01 1.5695740e+01 2.3828984e+00 2.3829341e+00
6.0113000e+00 1.5767302e+01 1.5745800e+01 2.3831629e+00 2.3831984e+00
6.0227000e+00 1.5817588e+01 1.5797024e+01 2.3836489e+00 2.3840603e+00
6.0341000e+00 1.5869276e+01 1.5848647e+01 2.3845113e+00 2.3844913e+00
6.0449000e+00 1.5918691e+01 1.5898000e+01 2.3849425e+00 2.3849224e+00
6.0563000e+00 1.5971572e+01 1.5949807e+01 2.3857501e+00 2.3857850e+00
6.0677000e+00 1.6023455e+01 1.6002330e+01 2.3866131e+00 2.3866479e+00
6.0791000e+00 1.6076499e+01 1.6054599e+01 2.3874764e+00 2.3875110e+00
6.0899000e+00 1.6125879e+01 1.6104926e+01 2.3883398e+00 2.3883742e+00
6.1013000e+00 1.6179388e+01 1.6157354e+01 2.3892033e+00 2.3892376e+00
6.1127000e+00 1.6231966e+01 1.6210878e+01 2.3904989e+00 2.3905330e+00
6.1240000e+00 1.6285643e+01 1.6263470e+01 2.3917949e+00 2.3918288e+00
6.1348000e+00 1.6336346e+01 1.6314108e+01 2.3930912e+00 2.3931249e+00
6.1462000e+00 1.6389547e+01 1.6368259e+01 2.3948201e+00 2.3948535e+00
6.1576000e+00 1.6443472e+01 1.6421094e+01 2.3965497e+00 2.3965828e+00
6.1690000e+00 1.6497481e+01 1.6475034e+01 2.3983356e+00 2.3983684e+00
6.1804000e+00 1.6551575e+01 1.6529057e+01 2.4000664e+00 2.4000990e+00
6.1912000e+00 1.6603298e+01 1.6580400e+01 2.4018535e+00 2.4018302e+00
6.2026000e+00 1.6657799e+01 1.6635142e+01 2.4040743e+00 2.4040505e+00
6.2140000e+00 1.6713961e+01 1.6691228e+01 2.4064075e+00 2.4064389e+00
6.2254000e+00 1.6771348e+01 1.6749882e+01 2.4093425e+00 2.4093733e+00
6.2362000e+00 1.6828532e+01 1.6806671e+01 2.4125588e+00 2.4125888e+00
6.2476000e+00 1.6887943e+01 1.6866636e+01 2.4169821e+00 2.4169549e+00
6.2589000e+00 1.6939848e+01 1.6917446e+01 2.4222247e+00 2.4222520e+00
6.2703000e+00 1.6976717e+01 1.6954930e+01 2.4276133e+00 2.4276387e+00
6.2811000e+00 1.7015310e+01 1.6993495e+01 2.4312788e+00 2.4313030e+00
6.2925000e+00 1.7087995e+01 1.7065428e+01 2.4304194e+00 2.4304438e+00
6.3039000e+00 1.7132950e+01 1.7109375e+01 2.4260393e+00 2.4256318e+00
6.3153000e+00 1.7101065e+01 1.7077012e+01 2.4214600e+00 2.4214331e+00
6.3261000e+00 1.7074162e+01 1.7049618e+01 2.4204765e+00 2.4200190e+00
6.3375000e+00 1.7115900e+01 1.7091313e+01 2.4229501e+00 2.4229841e+00
6.3489000e+00 1.7230089e+01 1.7205575e+01 2.4293400e+00 2.4293761e+00
6.3603000e+00 1.7373667e+01 1.7349474e+01 2.4391666e+00 2.4387628e+00
6.3711000e+00 1.7464422e+01 1.7441361e+01 2.4515688e+00 2.4511614e+00
6.3824000e+00 1.7441904e+01 1.7419946e+01 2.4640570e+00 2.4636454e+00
6.3938000e+00 1.7390004e+01 1.7369206e+01 2.4726823e+00 2.4723256e+00
6.4052000e+00 1.7533673e+01 1.7511621e+01 2.4710856e+00 2.4706734e+00
6.4166000e+00 1.7679028e+01 1.7654696e+01 2.4612928e+00 2.4608297e+00
6.4274000e+00 1.7633380e+01 1.7608252e+01 2.4536007e+00 2.4535891e+00
6.4388000e+00 1.7579087e+01 1.7553531e+01 2.4516763e+00 2.4517238e+00
6.4502000e+00 1.7615155e+01 1.7589895e+01 2.4551534e+00 2.4546987e+00
6.4616000e+00 1.7730978e+01 1.7705794e+01 2.4622621e+00 2.4622566e+00
6.4724000e+00 1.7875349e+01 1.7850163e+01 2.4726492e+00 2.4722475e+00
6.4838000e+00 1.7993540e+01 1.7969446e+01 2.4860097e+00 2.4860619e+00
6.4952000e+00 1.7998154e+01 1.7975462e+01 2.5012465e+00 2.5008358e+00
6.5066000e+00 1.7930059e+01 1.7908597e+01 2.5128822e+00 2.5129320e+00
6.5173000e+00 1.8016051e+01 1.7993775e+01 2.5144537e+00 2.5140398e+00
6.5287000e+00 1.8196844e+01 1.8172489e+01 2.5055045e+00 2.5050383e+00
6.5401000e+00 1.8183876e+01 1.8158264e+01 2.4960107e+00 2.4955510e+00
6.5515000e+00 1.8115213e+01 1.8089187e+01 2.4927716e+00 2.4923726e+00
6.5623000e+00 1.8127373e+01 1.8101045e+01 2.4958750e+00 2.4954767e+00
6.5737000e+00 1.8223228e+01 1.8197036e+01 2.5024630e+00 2.5024701e+00
6.5851000e+00 1.8368506e+01 1.8342657e+01 2.5139120e+00 2.5134524e+00
6.5965000e+00 1.8501644e+01 1.8476535e+01 2.5281752e+00 2.5277693e+00
6.6073000e+00 1.8536517e+01 1.8512766e+01 2.5450286e+00 2.5446170e+00
6.6187000e+00 1.8469291e+01 1.8446801e+01 2.5589548e+00 2.5585980e+00
6.6301000e+00 1.8503265e+01 1.8479604e+01 2.5641003e+00 2.5636830e+00
6.6415000e+00 1.8691989e+01 1.8667341e+01 2.5563771e+00 2.5559652e+00
6.6528000e+00 1.8718173e+01 1.8692123e+01 2.5458450e+00 2.5454398e+00
6.6636000e+00 1.8647032e+01 1.8618698e+01 2.5414221e+00 2.5409622e+00
6.6750000e+00 1.8633645e+01 1.8606920e+01 2.5435732e+00 2.5431146e+00
6.6864000e+00 1.8710848e+01 1.8683972e+01 2.5506738e+00 2.5502728e+00
6.6978000e+00 1.8849206e+01 1.8821536e+01 2.5616845e+00 2.5612809e+00
6.7086000e+00 1.8983098e+01 1.8957004e+01 2.5760454e+00 2.5756377e+00
6.7200000e+00 1.9051684e+01 1.9025349e+01 2.5942440e+00 2.5938303e+00
6.7314000e+00 1.8997013e+01 1.8973488e+01 2.6113995e+00 2.6109797e+00
6.7428000e+00 1.8986524e+01 1.8962247e+01 2.6202633e+00 2.6198411e+00
6.7536000e+00 1.9153496e+01 1.9128636e+01 2.6156677e+00 2.6152495e+00
6.7650000e+00 1.9237629e+01 1.9209617e+01 2.6037925e+00 2.6033215e+00
6.7764000e+00 1.9165217e+01 1.9137600e+01 2.5975657e+00 2.5971598e+00
6.7877000e+00 1.9132728e+01 1.9103722e+01 2.5989083e+00 2.5984444e+00
6.7985000e+00 1.9184348e+01 1.9156807e+01 2.6058425e+00 2.6053777e+00
6.8099000e+00 1.9308042e+01 1.9280217e+01 2.6164286e+00 2.6159612e+00
6.8213000e+00 1.9455130e+01 1.9426823e+01 2.6322794e+00 2.6318070e+00
6.8327000e+00 1.9545032e+01 1.9519230e+01 2.6513408e+00 2.6504184e+00
6.8435000e+00 1.9517628e+01 1.9493046e+01 2.6708613e+00 2.6704364e+00
6.8549000e+00 1.9465932e+01 1.9442258e+01 2.6832066e+00 2.6823291e+00
6.8663000e+00 1.9605917e+01 1.9579636e+01 2.6816461e+00 2.6807094e+00
6.8777000e+00 1.9730512e+01 1.9703368e+01 2.6699885e+00 2.6690623e+00
6.8891000e+00 1.9674274e+01 1.9645879e+01 2.6619328e+00 2.6610145e+00
6.8999000e+00 1.9623805e+01 1.9594382e+01 2.6620074e+00 2.6610302e+00
6.9113000e+00 1.9656192e+01 1.9626374e+01 2.6680310e+00 2.6675591e+00
6.9226000e+00 1.9765703e+01 1.9735995e+01 2.6796559e+00 2.6787322e+00
6.9340000e+00 1.9910442e+01 1.9882378e+01 2.6953675e+00 2.6948880e+00
6.9448000e+00 2.0016820e+01 1.9989645e+01 2.7143296e+00 2.7133866e+00
6.9562000e+00 2.0017998e+01 1.9992751e+01 2.7356647e+00 2.7352336e+00
6.9676000e+00 1.9950649e+01 1.9926364e+01 2.7527696e+00 2.7518692e+00
6.9790000e+00 2.0045452e+01 2.0018979e+01 2.7549672e+00 2.7540035e+00
6.9898000e+00 2.0199810e+01 2.0171494e+01 2.7447491e+00 2.7437951e+00
7.0012000e+00 2.0177948e+01 2.0147870e+01 2.7344800e+00 2.7335356e+00
7.0126000e+00 2.0108726e+01 2.0078162e+01 2.7326787e+00 2.7317381e+00
7.0240000e+00 2.0119524e+01 2.0088991e+01 2.7384957e+00 2.7374908e+00
7.0348000e+00 2.0206144e+01 2.0175791e+01 2.7500167e+00 2.7490063e+00
7.0462000e+00 2.0345728e+01 2.0315789e+01 2.7648280e+00 2.7644033e+00
7.0575000e+00 2.0472443e+01 2.0444274e+01 2.7851495e+00 2.7847183e+00
7.0689000e+00 2.0501931e+01 2.0475276e+01 2.8083711e+00 2.8079972e+00
7.0797000e+00 2.0435680e+01 2.0409461e+01 2.8288568e+00 2.8279316e+00
7.0911000e+00 2.0470047e+01 2.0443418e+01 2.8352945e+00 2.8349133e+00
7.1025000e+00 2.0645745e+01 2.0617192e+01 2.8266506e+00 2.8262096e+00
7.1139000e+00 2.0661140e+01 2.0631995e+01 2.8149705e+00 2.8144726e+00
7.1247000e+00 2.0589194e+01 2.0557846e+01 2.8115994e+00 2.8105668e+00
7.1361000e+00 2.0574335e+01 2.0543473e+01 2.8163690e+00 2.8153359e+00
7.1475000e+00 2.0646085e+01 2.0615075e+01 2.8272092e+00 2.8261712e+00
7.1589000e+00 2.0777376e+01 2.0746430e+01 2.8433276e+00 2.8422808e+00
7.1703000e+00 2.0912259e+01 2.0883498e+01 2.8637251e+00 2.8632844e+00
7.1811000e+00 2.0969686e+01 2.0940656e+01 2.8869247e+00 2.8864760e+00
7.1924000e+00 2.0911429e+01 2.0884163e+01 2.9109588e+00 2.9099393e+00
7.2038000e+00 2.0901907e+01 2.0874719e+01 2.9227973e+00 2.9217726e+00
7.2152000e+00 2.1070979e+01 2.1042246e+01 2.9171487e+00 2.9161313e+00
7.2260000e+00 2.1132286e+01 2.1101473e+01 2.9049298e+00 2.9039238e+00
7.2374000e+00 2.1057655e+01 2.1025936e+01 2.8986131e+00 2.8975480e+00
7.2488000e+00 2.1017843e+01 2.0985909e+01 2.9020367e+00 2.9010389e+00
7.2602000e+00 2.1059196e+01 2.1028552e+01 2.9115223e+00 2.9104543e+00
7.2710000e+00 2.1158570e+01 2.1126729e+01 2.9255976e+00 2.9245897e+00
7.2824000e+00 2.1284561e+01 2.1254577e+01 2.9433266e+00 2.9423095e+00
7.2938000e+00 2.1388331e+01 2.1357533e+01 2.9636589e+00 2.9626311e+00
7.3052000e+00 2.1439941e+01 2.1410259e+01 2.9829504e+00 2.9819126e+00
7.3160000e+00 2.1471772e+01 2.1442056e+01 2.9951186e+00 2.9940755e+00
7.3274000e+00 2.1528518e+01 2.1498306e+01 2.9993402e+00 2.9982279e+00
7.3387000e+00 2.1579237e+01 2.1548137e+01 3.0014475e+00 3.0004067e+00
7.3501000e+00 2.1620160e+01 2.1588604e+01 3.0064603e+00 3.0054193e+00
7.3609000e+00 2.1662604e+01 2.1630989e+01 3.0158984e+00 3.0148543e+00
7.3723000e+00 2.1706999e+01 2.1676721e+01 3.0264975e+00 3.0254494e+00
7.3837000e+00 2.1752781e+01 2.1721036e+01 3.0376635e+00 3.0365409e+00
7.3951000e+00 2.1796329e+01 2.1764932e+01 3.0493311e+00 3.0482743e+00
7.4065000e+00 2.1839513e+01 2.1808057e+01 3.0602833e+00 3.0592225e+00
7.4173000e+00 2.1882447e+01 2.1850523e+01 3.0705576e+00 3.0694221e+00
7.4287000e+00 2.1925366e+01 2.1893793e+01 3.0812019e+00 3.0801336e+00
7.4401000e+00 2.1968325e+01 2.1938103e+01 3.0918650e+00 3.0907215e+00
7.4515000e+00 2.2013507e+01 2.1981813e+01 3.1024535e+00 3.1013778e+00
7.4623000e+00 2.2055907e+01 2.2023743e+01 3.1125424e+00 3.1113913e+00
7.4736000e+00 2.2099349e+01 2.2067538e+01 3.1237572e+00 3.1226019e+00
7.4850000e+00 2.2143248e+01 2.2111377e+01 3.1349921e+00 3.1338327e+00
7.4964000e+00 2.2188609e+01 2.2156675e+01 3.1455816e+00 3.1444910e+00
7.5072000e+00 2.2230760e+01 2.2198769e+01 3.1562617e+00 3.1551674e+00
7.5186000e+00 2.2274789e+01 2.2242737e+01 3.1675548e+00 3.1664565e+00
7.5300000e+00 2.2318862e+01 2.2286749e+01 3.1794640e+00 3.1777658e+00
7.5414000e+00 2.2363982e+01 2.2331808e+01 3.1907984e+00 3.1896921e+00
7.5522000e+00 2.2406718e+01 2.2374485e+01 3.2021530e+00 3.2009688e+00
7.5636000e+00 2.2451284e+01 2.2418989e+01 3.2135799e+00 3.2124656e+00
7.5750000e+00 2.2497380e+01 2.2465022e+01 3.2256499e+00 3.2245315e+00
7.5864000e+00 2.2542154e+01 2.2509733e+01 3.2378401e+00 3.2361161e+00
7.5972000e+00 2.2588667e+01 2.2556179e+01 3.2505050e+00 3.2493025e+00
7.6085000e+00 2.2638057e+01 2.2605495e+01 3.2629405e+00 3.2618084e+00
7.6199000e+00 2.2691522e+01 2.2658875e+01 3.2775625e+00 3.2764245e+00
7.6313000e+00 2.2744345e+01 2.2712468e+01 3.2940633e+00 3.2929183e+00
7.6421000e+00 2.2790424e+01 2.2758482e+01 3.3124116e+00 3.3112581e+00
7.6535000e+00 2.2822791e+01 2.2791251e+01 3.3299304e+00 3.3287689e+00
7.6649000e+00 2.2855457e+01 2.2822886e+01 3.3444379e+00 3.3426584e+00
7.6763000e+00 2.2911479e+01 2.2877964e+01 3.3487848e+00 3.3470075e+00
7.6877000e+00 2.2928511e+01 2.2895163e+01 3.3437880e+00 3.3426301e+00
7.6985000e+00 2.2868534e+01 2.2834134e+01 3.3405512e+00 3.3387151e+00
7.7099000e+00 2.2815110e+01 2.2780501e+01 3.3439734e+00 3.3427474e+00
7.7213000e+00 2.2845727e+01 2.2811087e+01 3.3564564e+00 3.3553029e+00
7.7327000e+00 2.2961257e+01 2.2926764e+01 3.3768147e+00 3.3750366e+00
7.7434000e+00 2.3105899e+01 2.3071902e+01 3.4018163e+00 3.4006403e+00
7.7548000e+00 2.3215244e+01 2.3182731e+01 3.4347786e+00 3.4329572e+00
7.7662000e+00 2.3201054e+01 2.3169931e+01 3.4690501e+00 3.4672030e+00
7.7776000e+00 2.3144135e+01 2.3113037e+01 3.4939064e+00 3.4921243e+00
7.7884000e+00 2.3261282e+01 2.3230111e+01 3.4956971e+00 3.4938372e+00
7.7998000e+00 2.3386518e+01 2.3351421e+01 3.4801282e+00 3.4782076e+00
7.8112000e+00 2.3301155e+01 2.3266094e+01 3.4680743e+00 3.4668004e+00
7.8226000e+00 2.3221493e+01 2.3184826e+01 3.4711307e+00 3.4692299e+00
7.8334000e+00 2.3245628e+01 2.3210410e+01 3.4839383e+00 3.4826628e+00
7.8448000e+00 2.3359503e+01 2.3324441e+01 3.5043301e+00 3.5024082e+00
7.8562000e+00 2.3518680e+01 2.3484089e+01 3.5313771e+00 3.5301579e+00
7.8676000e+00 2.3648210e+01 2.3614633e+01 3.5650626e+00 3.5637424e+00
7.8783000e+00 2.3662782e+01 2.3630542e+01 3.6014586e+00 3.6002005e+00
7.8897000e+00 2.3592451e+01 2.3560259e+01 3.6300793e+00 3.6288059e+00
7.9011000e+00 2.3663847e+01 2.3632591e+01 3.6385620e+00 3.6372877e+00
7.9125000e+00 2.3820572e+01 2.3785234e+01 3.6248218e+00 3.6235621e+00
7.9239000e+00 2.3769861e+01 2.3732951e+01 3.6109387e+00 3.6089571e+00
7.9347000e+00 2.3676646e+01 2.3639184e+01 3.6100138e+00 3.6086913e+00
7.9461000e+00 2.3674301e+01 2.3638405e+01 3.6217855e+00 3.6205426e+00
7.9575000e+00 2.3768619e+01 2.3732942e+01 3.6421619e+00 3.6401680e+00
7.9689000e+00 2.3920936e+01 2.3885318e+01 3.6689848e+00 3.6676349e+00
7.9797000e+00 2.4056463e+01 2.4021856e+01 3.7008886e+00 3.6995203e+00
7.9911000e+00 2.4103998e+01 2.4071114e+01 3.7392114e+00 3.7372295e+00
8.0025000e+00 2.4037782e+01 2.4004922e+01 3.7734388e+00 3.7714322e+00
8.0139000e+00 2.4061278e+01 2.4029951e+01 3.7886276e+00 3.7867023e+00
8.0246000e+00 2.4223259e+01 2.4189766e+01 3.7789455e+00 3.7769464e+00
8.0360000e+00 2.4228329e+01 2.4192617e+01 3.7622282e+00 3.7602503e+00
8.0474000e+00 2.4122685e+01 2.4085983e+01 3.7581301e+00 3.7561619e+00
8.0588000e+00 2.4096413e+01 2.4059842e+01 3.7675238e+00 3.7662308e+00
8.0696000e+00 2.4165934e+01 2.4127664e+01 3.7872387e+00 3.7852559e+00
8.0810000e+00 2.4305122e+01 2.4267390e+01 3.8124822e+00 3.8110810e+00
8.0924000e+00 2.4453410e+01 2.4418234e+01 3.8457753e+00 3.8443552e+00
8.1038000e+00 2.4528066e+01 2.4494110e+01 3.8846382e+00 3.8832853e+00
8.1146000e+00 2.4479552e+01 2.4447596e+01 3.9223880e+00 3.9211058e+00
8.1260000e+00 2.4451528e+01 2.4420144e+01 3.9432911e+00 3.9419078e+00
8.1374000e+00 2.4609888e+01 2.4575202e+01 3.9384988e+00 3.9371244e+00
8.1488000e+00 2.4664130e+01 2.4628177e+01 3.9208591e+00 3.9195025e+00
8.1595000e+00 2.4568436e+01 2.4529850e+01 3.9141603e+00 3.9120230e+00
8.1709000e+00 2.4514121e+01 2.4475748e+01 3.9209142e+00 3.9188665e+00
8.1823000e+00 2.4562431e+01 2.4523510e+01 3.9383184e+00 3.9368758e+00
8.1937000e+00 2.4687005e+01 2.4648677e+01 3.9644013e+00 3.9630364e+00
8.2051000e+00 2.4837024e+01 2.4800838e+01 3.9975473e+00 3.9960729e+00
8.2159000e+00 2.4931040e+01 2.4896036e+01 4.0348886e+00 4.0334858e+00
8.2273000e+00 2.4907012e+01 2.4873979e+01 4.0761248e+00 4.0739681e+00
8.2387000e+00 2.4851817e+01 2.4818281e+01 4.1042253e+00 4.1027854e+00
8.2501000e+00 2.4978228e+01 2.4944646e+01 4.1054211e+00 4.1040818e+00
8.2609000e+00 2.5081505e+01 2.5043736e+01 4.0888526e+00 4.0874347e+00
8.2723000e+00 2.4999149e+01 2.4961888e+01 4.0777532e+00 4.0756222e+00
8.2837000e+00 2.4926170e+01 2.4888246e+01 4.0817404e+00 4.0803389e+00
8.2951000e+00 2.4951015e+01 2.4913531e+01 4.0988084e+00 4.0965780e+00
8.3058000e+00 2.5053068e+01 2.5015335e+01 4.1223964e+00 4.1201499e+00
8.3172000e+00 2.5200572e+01 2.5163870e+01 4.1545728e+00 4.1531381e+00
8.3286000e+00 2.5318767e+01 2.5282730e+01 4.1944949e+00 4.1921939e+00
8.3400000e+00 2.5322266e+01 2.5288159e+01 4.2369109e+00 4.2354308e+00
8.3508000e+00 2.5253638e+01 2.5219510e+01 4.2709411e+00 4.2694431e+00
8.3622000e+00 2.5326759e+01 2.5292021e+01 4.2797399e+00 4.2774806e+00
8.3736000e+00 2.5470783e+01 2.5435007e+01 4.2644005e+00 4.2621621e+00
8.3850000e+00 2.5422694e+01 2.5383071e+01 4.2499802e+00 4.2476642e+00
8.3958000e+00 2.5335759e+01 2.5297619e+01 4.2506486e+00 4.2490911e+00
8.4072000e+00 2.5334603e+01 2.5294395e+01 4.2646178e+00 4.2630562e+00
8.4186000e+00 2.5422093e+01 2.5382141e+01 4.2890531e+00 4.2867216e+00
8.4300000e+00 2.5562948e+01 2.5523576e+01 4.3205156e+00 4.3190250e+00
8.4413000e+00 2.5692641e+01 2.5654378e+01 4.3603331e+00 4.3587204e+00
8.4521000e+00 2.5724536e+01 2.5687666e+01 4.4019440e+00 4.4004089e+00
8.4635000e+00 2.5653941e+01 2.5618736e+01 4.4413254e+00 4.4398727e+00
8.4749000e+00 2.5678910e+01 2.5645853e+01 4.4586553e+00 4.4570930e+00
8.4863000e+00 2.5839914e+01 2.5804091e+01 4.4472285e+00 4.4448963e+00
8.4971000e+00 2.5836239e+01 2.5798061e+01 4.4301559e+00 4.4285236e+00
8.5085000e+00 2.5739302e+01 2.5698803e+01 4.4275309e+00 4.4251291e+00
8.5199000e+00 2.5714624e+01 2.5675458e+01 4.4390766e+00 4.4375525e+00
8.5313000e+00 2.5782284e+01 2.5743445e+01 4.4623664e+00 4.4608326e+00
8.5421000e+00 2.5907337e+01 2.5867439e+01 4.4923664e+00 4.4900288e+00
8.5535000e+00 2.6044857e+01 2.6005575e+01 4.5313251e+00 4.5288550e+00
8.5649000e+00 2.6107171e+01 2.6070944e+01 4.5760084e+00 4.5744147e+00
8.5762000e+00 2.6047922e+01 2.6013838e+01 4.6195806e+00 4.6171511e+00
8.5870000e+00 2.6027220e+01 2.5991991e+01 4.6438885e+00 4.6414453e+00
8.5984000e+00 2.6180571e+01 2.6144776e+01 4.6377070e+00 4.6360894e+00
8.6098000e+00 2.6231224e+01 2.6191163e+01 4.6190617e+00 4.6166559e+00
8.6212000e+00 2.6133791e+01 2.6092598e+01 4.6117683e+00 4.6092708e+00
8.6320000e+00 2.6082920e+01 2.6041923e+01 4.6209428e+00 4.6184447e+00
8.6434000e+00 2.6117075e+01 2.6075536e+01 4.6397683e+00 4.6380686e+00
8.6548000e+00 2.6217096e+01 2.6178011e+01 4.6682053e+00 4.6664919e+00
8.6662000e+00 2.6343958e+01 2.6303296e+01 4.7023468e+00 4.6997947e+00
8.6770000e+00 2.6440760e+01 2.6402600e+01 4.7392608e+00 4.7376183e+00
8.6884000e+00 2.6492625e+01 2.6453594e+01 4.7729300e+00 4.7712705e+00
8.6998000e+00 2.6519074e+01 2.6480507e+01 4.7978483e+00 4.7961782e+00
8.7112000e+00 2.6566266e+01 2.6527120e+01 4.8087100e+00 4.8062015e+00
8.7225000e+00 2.6605433e+01 2.6565729e+01 4.8143848e+00 4.8118794e+00
8.7333000e+00 2.6633893e+01 2.6593659e+01 4.8258182e+00 4.8231998e+00
8.7447000e+00 2.6669210e+01 2.6628428e+01 4.8433936e+00 4.8417184e+00
8.7561000e+00 2.6708538e+01 2.6668196e+01 4.8650419e+00 4.8633586e+00
8.7675000e+00 2.6745826e+01 2.6707204e+01 4.8868271e+00 4.8850227e+00
8.7783000e+00 2.6782017e+01 2.6741066e+01 4.9074486e+00 4.9056359e+00
8.7897000e+00 2.6818558e+01 2.6778055e+01 4.9286416e+00 4.9269344e+00
8.8011000e+00 2.6853171e+01 2.6814399e+01 4.9494884e+00 4.9469254e+00
8.8125000e+00 2.6890761e+01 2.6850156e+01 4.9693099e+00 4.9675882e+00
8.8233000e+00 2.6924639e+01 2.6883986e+01 4.9891188e+00 4.9865385e+00
8.8347000e+00 2.6960323e+01 2.6920124e+01 5.0097062e+00 5.0070013e+00
8.8461000e+00 2.6996537e+01 2.6957566e+01 5.0293647e+00 5.0275060e+00
8.8574000e+00 2.7032269e+01 2.6993249e+01 5.0499189e+00 5.0480526e+00
8.8682000e+00 2.7068025e+01 2.7027170e+01 5.0705151e+00 5.0686412e+00
8.8796000e+00 2.7104313e+01 2.7063405e+01 5.0902923e+00 5.0875508e+00
8.8910000e+00 2.7140626e+01 2.7099666e+01 5.1109706e+00 5.1082196e+00
8.9024000e+00 2.7176454e+01 2.7137233e+01 5.1315721e+00 5.1297942e+00
8.9132000e+00 2.7212305e+01 2.7171245e+01 5.1523337e+00 5.1505486e+00
8.9246000e+00 2.7248692e+01 2.7207579e+01 5.1722695e+00 5.1704775e+00
8.9360000e+00 2.7284592e+01 2.7243428e+01 5.1931132e+00 5.1913139e+00
8.9474000e+00 2.7321027e+01 2.7279812e+01 5.2148699e+00 5.2121922e+00
8.9588000e+00 2.7359286e+01 2.7318016e+01 5.2359201e+00 5.2341059e+00
8.9696000e+00 2.7395002e+01 2.7353679e+01 5.2565029e+00 5.2546814e+00
8.9810000e+00 2.7433406e+01 2.7393823e+01 5.2793599e+00 5.2765319e+00
8.9924000e+00 2.7477340e+01 2.7436403e+01 5.3032424e+00 5.3005252e+00
9.0037000e+00 2.7523048e+01 2.7482036e+01 5.3290190e+00 5.3270466e+00
9.0145000e+00 2.7565204e+01 2.7524639e+01 5.3565125e+00 5.3537679e+00
9.0259000e+00 2.7600828e+01 2.7560733e+01 5.3882629e+00 5.3855005e+00
9.0373000e+00 2.7618477e+01 2.7579420e+01 5.4197158e+00 5.4169359e+00
9.0487000e+00 2.7642561e+01 2.7602975e+01 5.4435734e+00 5.4407829e+00
9.0595000e+00 2.7695858e+01 2.7655143e+01 5.4502362e+00 5.4474494e+00
9.0709000e+00 2.7708230e+01 2.7668298e+01 5.4446452e+00 5.4426350e+00
9.0823000e+00 2.7645093e+01 2.7602039e+01 5.4424796e+00 5.4404791e+00
9.0937000e+00 2.7598098e+01 2.7554716e+01 5.4530693e+00 5.4501824e+00
9.1045000e+00 2.7625414e+01 2.7583791e+01 5.4745631e+00 5.4716650e+00
9.1159000e+00 2.7734794e+01 2.7691608e+01 5.5086503e+00 5.5058560e+00
9.1273000e+00 2.7870782e+01 2.7830100e+01 5.5529953e+00 5.5510740e+00
9.1386000e+00 2.7943270e+01 2.7902690e+01 5.6076899e+00 5.6048259e+00
9.1494000e+00 2.7878504e+01 2.7840217e+01 5.6625176e+00 5.6596145e+00
9.1608000e+00 2.7803995e+01 2.7766973e+01 5.6977479e+00 5.6949562e+00
9.1722000e+00 2.7961430e+01 2.7922497e+01 5.6981243e+00 5.6952088e+00
9.1836000e+00 2.8084241e+01 2.8041884e+01 5.6744932e+00 5.6725265e+00
9.1944000e+00 2.8007299e+01 2.7963116e+01 5.6624089e+00 5.6594135e+00
9.2058000e+00 2.7932035e+01 2.7889431e+01 5.6685636e+00 5.6666163e+00
9.2172000e+00 2.7954296e+01 2.7912191e+01 5.6914730e+00 5.6895179e+00
9.2286000e+00 2.8061748e+01 2.8018057e+01 5.7264379e+00 5.7244667e+00
9.2400000e+00 2.8206984e+01 2.8163961e+01 5.7723460e+00 5.7692864e+00
9.2508000e+00 2.8301097e+01 2.8259431e+01 5.8240276e+00 5.8210642e+00
9.2622000e+00 2.8265229e+01 2.8225810e+01 5.8816432e+00 5.8786385e+00
9.2736000e+00 2.8162244e+01 2.8124700e+01 5.9263187e+00 5.9232845e+00
9.2849000e+00 2.8271784e+01 2.8232958e+01 5.9350467e+00 5.9329705e+00
9.2957000e+00 2.8435729e+01 2.8393867e+01 5.9151572e+00 5.9131026e+00
9.3071000e+00 2.8392904e+01 2.8349088e+01 5.8976667e+00 5.8954969e+00
9.3185000e+00 2.8305348e+01 2.8260778e+01 5.9005726e+00 5.8985445e+00
9.3299000e+00 2.8304736e+01 2.8259684e+01 5.9208285e+00 5.9187946e+00
9.3407000e+00 2.8387935e+01 2.8343202e+01 5.9523148e+00 5.9493141e+00
9.3521000e+00 2.8525642e+01 2.8481602e+01 5.9955235e+00 5.9933161e+00
9.3635000e+00 2.8643159e+01 2.8600425e+01 6.0496674e+00 6.0464599e+00
9.3749000e+00 2.8638293e+01 2.8597750e+01 6.1088159e+00 6.1057060e+00
9.3857000e+00 2.8532328e+01 2.8493691e+01 6.1593467e+00 6.1562024e+00
9.3971000e+00 2.8569112e+01 2.8532319e+01 6.1774456e+00 6.1752824e+00
9.4085000e+00 2.8764749e+01 2.8722923e+01 6.1619454e+00 6.1588185e+00
9.4198000e+00 2.8767310e+01 2.8722836e+01 6.1404058e+00 6.1382850e+00
9.4306000e+00 2.8676716e+01 2.8631479e+01 6.1393247e+00 6.1370724e+00
9.4420000e+00 2.8648026e+01 2.8604282e+01 6.1556811e+00 6.1535663e+00
9.4534000e+00 2.8714784e+01 2.8669517e+01 6.1867361e+00 6.1834840e+00
9.4648000e+00 2.8842423e+01 2.8797890e+01 6.2283015e+00 6.2261534e+00
9.4756000e+00 2.8965650e+01 2.8921878e+01 6.2805858e+00 6.2784098e+00
9.4870000e+00 2.8999569e+01 2.8957907e+01 6.3374495e+00 6.3352421e+00
9.4984000e+00 2.8898211e+01 2.8859008e+01 6.3937894e+00 6.3915513e+00
9.5098000e+00 2.8880613e+01 2.8841493e+01 6.4243718e+00 6.4211022e+00
9.5212000e+00 2.9073331e+01 2.9031597e+01 6.4143227e+00 6.4120876e+00
9.5320000e+00 2.9128507e+01 2.9083942e+01 6.3926142e+00 6.3902550e+00
9.5434000e+00 2.9039311e+01 2.8993423e+01 6.3856479e+00 6.3824422e+00
9.5548000e+00 2.8991328e+01 2.8945624e+01 6.3984341e+00 6.3962353e+00
9.5661000e+00 2.9036456e+01 2.8990658e+01 6.4274537e+00 6.4242311e+00
9.5769000e+00 2.9145509e+01 2.9099965e+01 6.4658978e+00 6.4625023e+00
9.5883000e+00 2.9279602e+01 2.9234795e+01 6.5161706e+00 6.5139161e+00
9.5997000e+00 2.9341595e+01 2.9298843e+01 6.5760433e+00 6.5737559e+00
9.6111000e+00 2.9259947e+01 2.9221596e+01 6.6354487e+00 6.6329739e+00
9.6219000e+00 2.9193083e+01 2.9154060e+01 6.6734138e+00 6.6700256e+00
9.6333000e+00 2.9352439e+01 2.9311419e+01 6.6740502e+00 6.6706721e+00
9.6447000e+00 2.9468325e+01 2.9425711e+01 6.6508055e+00 6.6483473e+00
9.6561000e+00 2.9395813e+01 2.9349829e+01 6.6390031e+00 6.6365629e+00
9.6669000e+00 2.9332713e+01 2.9286408e+01 6.6492359e+00 6.6457581e+00
9.6783000e+00 2.9351010e+01 2.9304688e+01 6.6733998e+00 6.6700627e+00
9.6897000e+00 2.9450873e+01 2.9404842e+01 6.7114974e+00 6.7090317e+00
9.7010000e+00 2.9583287e+01 2.9538006e+01 6.7610178e+00 6.7586808e+00
9.7118000e+00 2.9666067e+01 2.9622247e+01 6.8199896e+00 6.8176205e+00
9.7232000e+00 2.9619771e+01 2.9578324e+01 6.8796974e+00 6.8760602e+00
9.7346000e+00 2.9517593e+01 2.9477544e+01 6.9272964e+00 6.9237887e+00
9.7460000e+00 2.9629373e+01 2.9587977e+01 6.9366616e+00 6.9342378e+00
9.7574000e+00 2.9789301e+01 2.9744744e+01 6.9158595e+00 6.9134593e+00
9.7682000e+00 2.9750177e+01 2.9704104e+01 6.9001329e+00 6.8977521e+00
9.7796000e+00 2.9669777e+01 2.9622322e+01 6.9050752e+00 6.9025418e+00
9.7910000e+00 2.9668336e+01 2.9620924e+01 6.9281757e+00 6.9247198e+00
9.8024000e+00 2.9749545e+01 2.9703034e+01 6.9638658e+00 6.9613085e+00
9.8132000e+00 2.9871850e+01 2.9825570e+01 7.0092593e+00 7.0068391e+00
9.8246000e+00 2.9977142e+01 2.9932272e+01 7.0674396e+00 7.0638925e+00
9.8360000e+00 2.9960586e+01 2.9918034e+01 7.1308489e+00 7.1283626e+00
9.8473000e+00 2.9846748e+01 2.9806196e+01 7.1846966e+00 7.1821820e+00
9.8581000e+00 2.9894111e+01 2.9853476e+01 7.2048478e+00 7.2012136e+00
9.8695000e+00 3.0083917e+01 3.0040029e+01 7.1891620e+00 7.1866624e+00
9.8809000e+00 3.0088290e+01 3.0042181e+01 7.1690496e+00 7.1665730e+00
9.8923000e+00 3.0003272e+01 2.9955772e+01 7.1686839e+00 7.1660523e+00
9.9031000e+00 2.9980805e+01 2.9933408e+01 7.1890709e+00 7.1865990e+00
9.9145000e+00 3.0039598e+01 2.9992061e+01 7.2210939e+00 7.2186087e+00
9.9259000e+00 3.0158885e+01 3.0112153e+01 7.2661144e+00 7.2636073e+00
9.9373000e+00 3.0274882e+01 3.0228977e+01 7.3234028e+00 7.3206965e+00
9.9481000e+00 3.0293023e+01 3.0249365e+01 7.3874192e+00 7.3848468e+00
9.9595000e+00 3.0185106e+01 3.0143455e+01 7.4441854e+00 7.4404385e+00
9.9709000e+00 3.0170034e+01 3.0129019e+01 7.4748975e+00 7.4722824e+00
9.9823000e+00 3.0360987e+01 3.0317260e+01 7.4671250e+00 7.4633811e+00
9.9930000e+00 3.0416571e+01 3.0369887e+01 7.4444987e+00 7.4419237e+00
1.0004000e+01 3.0333687e+01 3.0285584e+01 7.4393490e+00 7.4366158e+00
1.0016000e+01 3.0284469e+01 3.0233924e+01 7.4545062e+00 7.4517720e+00
1.0027000e+01 3.0311274e+01 3.0263309e+01 7.4842375e+00 7.4803504e+00
1.0039000e+01 3.0404040e+01 3.0356400e+01 7.5244100e+00 7.5218175e+00
1.0049000e+01 3.0510383e+01 3.0463029e+01 7.5702232e+00 7.5674338e+00
1.0061000e+01 3.0594116e+01 3.0547694e+01 7.6215822e+00 7.6189409e+00
1.0072000e+01 3.0621587e+01 3.0576265e+01 7.6700689e+00 7.6674037e+00
1.0084000e+01 3.0641478e+01 3.0596710e+01 7.7016110e+00 7.6989333e+00
1.0094000e+01 3.0686439e+01 3.0640435e+01 7.7162637e+00 7.7124109e+00
1.0106000e+01 3.0723120e+01 3.0676479e+01 7.7270009e+00 7.7229723e+00
1.0117000e+01 3.0747957e+01 3.0701286e+01 7.7452074e+00 7.7425281e+00
1.0129000e+01 3.0778526e+01 3.0731236e+01 7.7720437e+00 7.7691764e+00
1.0139000e+01 3.0807859e+01 3.0760524e+01 7.7999335e+00 7.7970551e+00
1.0151000e+01 3.0837562e+01 3.0790760e+01 7.8310195e+00 7.8283093e+00
1.0162000e+01 3.0868261e+01 3.0821414e+01 7.8608438e+00 7.8581227e+00
1.0174000e+01 3.0899647e+01 3.0852755e+01 7.8916903e+00 7.8875900e+00
1.0184000e+01 3.0927126e+01 3.0879615e+01 7.9207619e+00 7.9166483e+00
1.0196000e+01 3.0956469e+01 3.0909495e+01 7.9472210e+00 7.9444690e+00
1.0207000e+01 3.0986720e+01 3.0939703e+01 7.9760073e+00 7.9732453e+00
1.0218000e+01 3.1016091e+01 3.0969032e+01 8.0045803e+00 8.0018084e+00
1.0229000e+01 3.1044565e+01 3.0997465e+01 8.0335525e+00 8.0305851e+00
1.0241000e+01 3.1074861e+01 3.1027136e+01 8.0611108e+00 8.0581332e+00
1.0252000e+01 3.1104589e+01 3.1057403e+01 8.0899176e+00 8.0869294e+00
1.0263000e+01 3.1134915e+01 3.1087686e+01 8.1187758e+00 8.1157769e+00
1.0274000e+01 3.1162546e+01 3.1115277e+01 8.1474972e+00 8.1446758e+00
1.0286000e+01 3.1192901e+01 3.1145589e+01 8.1752497e+00 8.1724188e+00
1.0297000e+01 3.1222686e+01 3.1175331e+01 8.2054691e+00 8.2014183e+00
1.0308000e+01 3.1253071e+01 3.1205673e+01 8.2345321e+00 8.2316806e+00
1.0320000e+01 3.1283472e+01 3.1235444e+01 8.2636465e+00 8.2607850e+00
1.0331000e+01 3.1311169e+01 3.1263688e+01 8.2915961e+00 8.2887248e+00
1.0342000e+01 3.1342188e+01 3.1294074e+01 8.3210033e+00 8.3181218e+00
1.0353000e+01 3.1372905e+01 3.1325333e+01 8.3519849e+00 8.3476795e+00
1.0365000e+01 3.1405407e+01 3.1357785e+01 8.3823839e+00 8.3794806e+00
1.0376000e+01 3.1438154e+01 3.1390480e+01 8.4127216e+00 8.4096127e+00
1.0387000e+01 3.1474738e+01 3.1427002e+01 8.4473835e+00 8.4444551e+00
1.0398000e+01 3.1510976e+01 3.1464363e+01 8.4857325e+00 8.4827881e+00
1.0410000e+01 3.1537873e+01 3.1489684e+01 8.5265222e+00 8.5233623e+00
1.0421000e+01 3.1547607e+01 3.1499433e+01 8.5652762e+00 8.5622967e+00
1.0432000e+01 3.1562703e+01 3.1517256e+01 8.5984081e+00 8.5954161e+00
1.0443000e+01 3.1614257e+01 3.1567529e+01 8.6126844e+00 8.6094938e+00
1.0455000e+01 3.1630577e+01 3.1579937e+01 8.6109981e+00 8.6078200e+00
1.0466000e+01 3.1570716e+01 3.1521242e+01 8.6117451e+00 8.6087755e+00
1.0477000e+01 3.1515570e+01 3.1465120e+01 8.6251780e+00 8.6222090e+00
1.0488000e+01 3.1536166e+01 3.1486277e+01 8.6563569e+00 8.6533772e+00
1.0500000e+01 3.1633566e+01 3.1581869e+01 8.7004127e+00 8.6974129e+00
1.0510000e+01 3.1750139e+01 3.1701455e+01 8.7583903e+00 8.7553613e+00
1.0522000e+01 3.1820850e+01 3.1771624e+01 8.8218476e+00 8.8175204e+00
1.0533000e+01 3.1753189e+01 3.1708712e+01 8.8879994e+00 8.8849011e+00
1.0545000e+01 3.1675806e+01 3.1632154e+01 8.9347931e+00 8.9314646e+00
1.0556000e+01 3.1818287e+01 3.1773115e+01 8.9432031e+00 8.9400877e+00
1.0567000e+01 3.1936723e+01 3.1888886e+01 8.9228265e+00 8.9197351e+00
1.0578000e+01 3.1862302e+01 3.1810168e+01 8.9109648e+00 8.9078927e+00
1.0590000e+01 3.1786750e+01 3.1735857e+01 8.9229665e+00 8.9198969e+00
1.0601000e+01 3.1800603e+01 3.1749701e+01 8.9527591e+00 8.9496793e+00
1.0612000e+01 3.1892589e+01 3.1842038e+01 8.9965095e+00 8.9934101e+00
1.0623000e+01 3.2022346e+01 3.1973233e+01 9.0537671e+00 9.0506392e+00
1.0635000e+01 3.2114119e+01 3.2063784e+01 9.1188064e+00 9.1154330e+00
1.0646000e+01 3.2074148e+01 3.2028545e+01 9.1878093e+00 9.1846097e+00
1.0657000e+01 3.1970007e+01 3.1926491e+01 9.2397962e+00 9.2365708e+00
1.0668000e+01 3.2056840e+01 3.2011946e+01 9.2596791e+00 9.2562356e+00
1.0680000e+01 3.2224025e+01 3.2174120e+01 9.2446063e+00 9.2411857e+00
1.0691000e+01 3.2183460e+01 3.2133501e+01 9.2289728e+00 9.2255756e+00
1.0702000e+01 3.2099130e+01 3.2048255e+01 9.2342451e+00 9.2310668e+00
1.0713000e+01 3.2088327e+01 3.2036920e+01 9.2619726e+00 9.2587861e+00
1.0725000e+01 3.2163710e+01 3.2112708e+01 9.3036472e+00 9.3002291e+00
1.0736000e+01 3.2290031e+01 3.2239890e+01 9.3580252e+00 9.3547940e+00
1.0747000e+01 3.2388531e+01 3.2339340e+01 9.4224471e+00 9.4189646e+00
1.0758000e+01 3.2386007e+01 3.2339277e+01 9.4887120e+00 9.4854118e+00
1.0769000e+01 3.2274825e+01 3.2230227e+01 9.5493850e+00 9.5458318e+00
1.0781000e+01 3.2304824e+01 3.2260184e+01 9.5778887e+00 9.5745484e+00
1.0792000e+01 3.2483225e+01 3.2433499e+01 9.5696098e+00 9.5662865e+00
1.0803000e+01 3.2497242e+01 3.2446706e+01 9.5517182e+00 9.5481976e+00
1.0814000e+01 3.2406774e+01 3.2352502e+01 9.5535289e+00 9.5500191e+00
1.0826000e+01 3.2374833e+01 3.2323517e+01 9.5770659e+00 9.5737702e+00
1.0837000e+01 3.2430643e+01 3.2379191e+01 9.6169042e+00 9.6135922e+00
1.0848000e+01 3.2540316e+01 3.2489173e+01 9.6659609e+00 9.6626256e+00
1.0859000e+01 3.2656855e+01 3.2604979e+01 9.7293832e+00 9.7257910e+00
1.0871000e+01 3.2681422e+01 3.2633591e+01 9.7981504e+00 9.7945192e+00
1.0882000e+01 3.2576732e+01 3.2531643e+01 9.8614425e+00 9.8577761e+00
1.0893000e+01 3.2550636e+01 3.2505648e+01 9.8997672e+00 9.8960842e+00
1.0904000e+01 3.2726512e+01 3.2679270e+01 9.9001450e+00 9.8964733e+00
1.0916000e+01 3.2792244e+01 3.2741792e+01 9.8818383e+00 9.8784200e+00
1.0927000e+01 3.2706762e+01 3.2654761e+01 9.8790193e+00 9.8756144e+00
1.0938000e+01 3.2659792e+01 3.2607357e+01 9.8969480e+00 9.8935411e+00
1.0949000e+01 3.2690111e+01 3.2638220e+01 9.9334285e+00 9.9300078e+00
1.0961000e+01 3.2794900e+01 3.2742729e+01 9.9830612e+00 9.9810079e+00
1.0972000e+01 3.2913337e+01 3.2862687e+01 1.0044422e+01 1.0040948e+01
1.0983000e+01 3.2965225e+01 3.2916306e+01 1.0111734e+01 1.0108224e+01
1.0994000e+01 3.2884986e+01 3.2838770e+01 1.0175100e+01 1.0171321e+01
1.1006000e+01 3.2809940e+01 3.2762282e+01 1.0222093e+01 1.0218291e+01
1.1017000e+01 3.2956163e+01 3.2909211e+01 1.0232447e+01 1.0228886e+01
1.1028000e+01 3.3072783e+01 3.3020784e+01 1.0217289e+01 1.0213515e+01
1.1039000e+01 3.3008720e+01 3.2956147e+01 1.0210990e+01 1.0207468e+01
1.1051000e+01 3.2941314e+01 3.2888362e+01 1.0225617e+01 1.0222096e+01
1.1062000e+01 3.2955350e+01 3.2902386e+01 1.0259254e+01 1.0255721e+01
1.1073000e+01 3.3038781e+01 3.2983913e+01 1.0306109e+01 1.0302555e+01
1.1084000e+01 3.3157164e+01 3.3103198e+01 1.0361896e+01 1.0358315e+01
1.1096000e+01 3.3229914e+01 3.3180559e+01 1.0427318e+01 1.0424903e+01
1.1107000e+01 3.3177267e+01 3.3129943e+01 1.0495698e+01 1.0492046e+01
1.1118000e+01 3.3074914e+01 3.3029123e+01 1.0548609e+01 1.0544932e+01
1.1129000e+01 3.3165982e+01 3.3119369e+01 1.0568097e+01 1.0565630e+01
1.1141000e+01 3.3327999e+01 3.3278499e+01 1.0558786e+01 1.0555125e+01
1.1152000e+01 3.3299774e+01 3.3247278e+01 1.0548342e+01 1.0546150e+01
1.1163000e+01 3.3220723e+01 3.3167252e+01 1.0559474e+01 1.0555836e+01
1.1174000e+01 3.3213659e+01 3.3160238e+01 1.0588651e+01 1.0585005e+01
1.1186000e+01 3.3283626e+01 3.3230644e+01 1.0632563e+01 1.0628653e+01
1.1197000e+01 3.3397005e+01 3.3344960e+01 1.0688960e+01 1.0685022e+01
1.1208000e+01 3.3486577e+01 3.3433202e+01 1.0753552e+01 1.0749578e+01
1.1219000e+01 3.3466745e+01 3.3418303e+01 1.0818721e+01 1.0814711e+01
1.1231000e+01 3.3350087e+01 3.3303849e+01 1.0877021e+01 1.0872980e+01
1.1242000e+01 3.3384210e+01 3.3337915e+01 1.0907116e+01 1.0903065e+01
1.1253000e+01 3.3568763e+01 3.3518884e+01 1.0904570e+01 1.0900785e+01
1.1264000e+01 3.3581010e+01 3.3528615e+01 1.0893049e+01 1.0889284e+01
1.1276000e+01 3.3500905e+01 3.3447528e+01 1.0899241e+01 1.0895483e+01
1.1287000e+01 3.3472302e+01 3.3419039e+01 1.0924709e+01 1.0920946e+01
1.1298000e+01 3.3525597e+01 3.3472204e+01 1.0966701e+01 1.0964164e+01
1.1309000e+01 3.3623017e+01 3.3569983e+01 1.1020239e+01 1.1016434e+01
1.1321000e+01 3.3725794e+01 3.3674377e+01 1.1080370e+01 1.1076534e+01
1.1332000e+01 3.3736008e+01 3.3686481e+01 1.1148354e+01 1.1144225e+01
1.1343000e+01 3.3625013e+01 3.3578323e+01 1.1209654e+01 1.1205493e+01
1.1355000e+01 3.3604873e+01 3.3558264e+01 1.1247543e+01 1.1244897e+01
1.1365000e+01 3.3779328e+01 3.3730406e+01 1.1253546e+01 1.1249637e+01
1.1377000e+01 3.3848844e+01 3.3796600e+01 1.1242223e+01 1.1239860e+01
1.1388000e+01 3.3769268e+01 3.3716020e+01 1.1244224e+01 1.1240346e+01
1.1400000e+01 3.3723287e+01 3.3668951e+01 1.1266501e+01 1.1262619e+01
1.1410000e+01 3.3743340e+01 3.3687215e+01 1.1301663e+01 1.1297508e+01
1.1422000e+01 3.3823518e+01 3.3767802e+01 1.1349432e+01 1.1347054e+01
1.1433000e+01 3.3919989e+01 3.3867032e+01 1.1404252e+01 1.1401856e+01
1.1445000e+01 3.3990784e+01 3.3938918e+01 1.1463022e+01 1.1459052e+01
1.1455000e+01 3.4009874e+01 3.3959890e+01 1.1513790e+01 1.1509530e+01
1.1467000e+01 3.4023247e+01 3.3973254e+01 1.1553648e+01 1.1549639e+01
1.1478000e+01 3.4066044e+01 3.4014689e+01 1.1577610e+01 1.1575162e+01
1.1490000e+01 3.4098429e+01 3.4046375e+01 1.1596419e+01 1.1592405e+01
1.1500000e+01 3.4117829e+01 3.4065111e+01 1.1621327e+01 1.1617039e+01
1.1512000e+01 3.4141088e+01 3.4088337e+01 1.1653803e+01 1.1651341e+01
1.1523000e+01 3.4169194e+01 3.4116401e+01 1.1692659e+01 1.1688613e+01
1.1535000e+01 3.4191963e+01 3.4139135e+01 1.1729547e+01 1.1726792e+01
1.1545000e+01 3.4219298e+01 3.4164647e+01 1.1767693e+01 1.1765197e+01
1.1557000e+01 3.4241290e+01 3.4188390e+01 1.1802774e+01 1.1798688e+01
1.1568000e+01 3.4265572e+01 3.4213279e+01 1.1838372e+01 1.1835856e+01
1.1580000e+01 3.4290507e+01 3.4238177e+01 1.1875064e+01 1.1870953e+01
1.1590000e+01 3.4312377e+01 3.4260016e+01 1.1911813e+01 1.1907689e+01
1.1602000e+01 3.4337330e+01 3.4284932e+01 1.1945165e+01 1.1941030e+01
1.1613000e+01 3.4362292e+01 3.4309214e+01 1.1981747e+01 1.1977599e+01
1.1624000e+01 3.4386617e+01 3.4334149e+01 1.2016790e+01 1.2014224e+01
1.1636000e+01 3.4411598e+01 3.4359094e+01 1.2053481e+01 1.2049309e+01
1.1647000e+01 3.4433507e+01 3.4380971e+01 1.2087031e+01 1.2084445e+01
1.1658000e+01 3.4458505e+01 3.4405933e+01 1.2123829e+01 1.2119632e+01
1.1669000e+01 3.4482865e+01 3.4430259e+01 1.2159080e+01 1.2156474e+01
1.1681000e+01 3.4507883e+01 3.4455240e+01 1.2195988e+01 1.2193371e+01
1.1692000e+01 3.4530471e+01 3.4477148e+01 1.2231343e+01 1.2227109e+01
1.1703000e+01 3.4554857e+01 3.4502146e+01 1.2266749e+01 1.2264113e+01
1.1714000e+01 3.4579902e+01 3.4527154e+01 1.2303820e+01 1.2299561e+01
1.1726000e+01 3.4604956e+01 3.4552172e+01 1.2341231e+01 1.2336674e+01
1.1737000e+01 3.4627578e+01 3.4574761e+01 1.2375465e+01 1.2372512e+01
1.1748000e+01 3.4653953e+01 3.4601096e+01 1.2413560e+01 1.2408976e+01
1.1759000e+01 3.4684087e+01 3.4628742e+01 1.2452579e+01 1.2448267e+01
1.1771000e+01 3.4711923e+01 3.4657183e+01 1.2492328e+01 1.2489338e+01
1.1782000e+01 3.4734843e+01 3.4682510e+01 1.2534443e+01 1.2530100e+01
1.1793000e+01 3.4754816e+01 3.4703116e+01 1.2576755e+01 1.2574025e+01
1.1804000e+01 3.4757038e+01 3.4706014e+01 1.2621406e+01 1.2616736e+01
1.1816000e+01 3.4771314e+01 3.4720289e+01 1.2660578e+01 1.2657529e+01
1.1827000e+01 3.4817238e+01 3.4763027e+01 1.2687724e+01 1.2683325e+01
1.1838000e+01 3.4839974e+01 3.4786217e+01 1.2700629e+01 1.2696234e+01
1.1849000e+01 3.4787417e+01 3.4732545e+01 1.2712473e+01 1.2707790e+01
1.1861000e+01 3.4731183e+01 3.4675206e+01 1.2734338e+01 1.2731583e+01
1.1872000e+01 3.4742754e+01 3.4687418e+01 1.2772468e+01 1.2769410e+01
1.1883000e+01 3.4822018e+01 3.4767120e+01 1.2820433e+01 1.2816007e+01
1.1894000e+01 3.4929624e+01 3.4875084e+01 1.2878755e+01 1.2875958e+01
1.1906000e+01 3.4991149e+01 3.4939080e+01 1.2942858e+01 1.2939738e+01
1.1917000e+01 3.4932890e+01 3.4882965e+01 1.3002973e+01 1.2998460e+01
1.1928000e+01 3.4852828e+01 3.4804439e+01 1.3047522e+01 1.3044364e+01
1.1939000e+01 3.4964114e+01 3.4914162e+01 1.3076315e+01 1.3073151e+01
1.1951000e+01 3.5088987e+01 3.5035448e+01 1.3079333e+01 1.3076178e+01
1.1962000e+01 3.5021854e+01 3.4966574e+01 1.3080724e+01 1.3076208e+01
1.1973000e+01 3.4947971e+01 3.4891631e+01 1.3098832e+01 1.3095990e+01
1.1984000e+01 3.4955558e+01 3.4899223e+01 1.3138090e+01 1.3135240e+01
1.1996000e+01 3.5037139e+01 3.4981237e+01 1.3188265e+01 1.3185398e+01
1.2007000e+01 3.5150843e+01 3.5095938e+01 1.3248316e+01 1.3243736e+01
1.2018000e+01 3.5229180e+01 3.5176052e+01 1.3307671e+01 1.3304764e+01
1.2029000e+01 3.5201050e+01 3.5150000e+01 1.3368496e+01 1.3363858e+01
1.2041000e+01 3.5099775e+01 3.5050986e+01 1.3419097e+01 1.3415841e+01
1.2052000e+01 3.5162709e+01 3.5113129e+01 1.3453429e+01 1.3450164e+01
1.2063000e+01 3.5315488e+01 3.5262890e+01 1.3465532e+01 1.3460867e+01
1.2074000e+01 3.5292034e+01 3.5236890e+01 1.3465847e+01 1.3462908e+01
1.2086000e+01 3.5205282e+01 3.5148448e+01 1.3482074e+01 1.3479138e+01
1.2097000e+01 3.5194260e+01 3.5137488e+01 1.3517199e+01 1.3514255e+01
1.2108000e+01 3.5255413e+01 3.5196636e+01 1.3567390e+01 1.3562707e+01
1.2119000e+01 3.5364001e+01 3.5308086e+01 1.3619897e+01 1.3616921e+01
1.2131000e+01 3.5456649e+01 3.5399951e+01 1.3682347e+01 1.3679349e+01
1.2142000e+01 3.5450225e+01 3.5398079e+01 1.3741430e+01 1.3738095e+01
1.2153000e+01 3.5348051e+01 3.5298189e+01 1.3794580e+01 1.3791545e+01
1.2164000e+01 3.5355852e+01 3.5305997e+01 1.3831334e+01 1.3827969e+01
1.2176000e+01 3.5525171e+01 3.5472907e+01 1.3852852e+01 1.3847730e+01
1.2187000e+01 3.5547333e+01 3.5491709e+01 1.3856931e+01 1.3852139e+01
1.2198000e+01 3.5458285e+01 3.5401623e+01 1.3869408e+01 1.3866375e+01
1.2209000e+01 3.5427932e+01 3.5370726e+01 1.3900852e+01 1.3896056e+01
1.2220000e+01 3.5472075e+01 3.5414757e+01 1.3946681e+01 1.3941867e+01
1.2232000e+01 3.5571903e+01 3.5515637e+01 1.4001794e+01 1.3996956e+01
1.2243000e+01 3.5671692e+01 3.5617159e+01 1.4061554e+01 1.4056688e+01
1.2254000e+01 3.5694027e+01 3.5640788e+01 1.4118070e+01 1.4114636e+01
1.2265000e+01 3.5605340e+01 3.5554365e+01 1.4170518e+01 1.4167065e+01
1.2277000e+01 3.5560373e+01 3.5510869e+01 1.4213983e+01 1.4208723e+01
1.2288000e+01 3.5715656e+01 3.5663772e+01 1.4240982e+01 1.4235715e+01
1.2299000e+01 3.5789800e+01 3.5734392e+01 1.4250720e+01 1.4245460e+01
1.2310000e+01 3.5714433e+01 3.5657269e+01 1.4262249e+01 1.4257323e+01
1.2322000e+01 3.5664084e+01 3.5603878e+01 1.4289710e+01 1.4286575e+01
1.2333000e+01 3.5689256e+01 3.5631548e+01 1.4333772e+01 1.4330625e+01
1.2344000e+01 3.5773858e+01 3.5717255e+01 1.4387750e+01 1.4384587e+01
1.2355000e+01 3.5875719e+01 3.5820179e+01 1.4442520e+01 1.4439338e+01
1.2367000e+01 3.5922869e+01 3.5866649e+01 1.4500558e+01 1.4497023e+01
1.2378000e+01 3.5850195e+01 3.5798792e+01 1.4553344e+01 1.4549791e+01
1.2389000e+01 3.5772737e+01 3.5722230e+01 1.4596216e+01 1.4592649e+01
1.2400000e+01 3.5888295e+01 3.5836842e+01 1.4629440e+01 1.4625865e+01
1.2412000e+01 3.6014264e+01 3.5959131e+01 1.4647160e+01 1.4643924e+01
1.2423000e+01 3.5959998e+01 3.5902357e+01 1.4659260e+01 1.4656029e+01
1.2435000e+01 3.5893678e+01 3.5835588e+01 1.4684242e+01 1.4681009e+01
1.2445000e+01 3.5903859e+01 3.5845763e+01 1.4723145e+01 1.4719902e+01
1.2457000e+01 3.5976705e+01 3.5919081e+01 1.4774403e+01 1.4771144e+01
1.2468000e+01 3.6078216e+01 3.6021660e+01 1.4832463e+01 1.4827333e+01
1.2479000e+01 3.6140092e+01 3.6085408e+01 1.4888647e+01 1.4885008e+01
1.2490000e+01 3.6095414e+01 3.6042900e+01 1.4937641e+01 1.4934331e+01
1.2502000e+01 3.5995556e+01 3.5945351e+01 1.4983191e+01 1.4977650e+01
1.2513000e+01 3.6063463e+01 3.6011759e+01 1.5020249e+01 1.5016569e+01
1.2524000e+01 3.6218755e+01 3.6163950e+01 1.5046913e+01 1.5043229e+01
1.2535000e+01 3.6201814e+01 3.6144373e+01 1.5060222e+01 1.5055015e+01
1.2547000e+01 3.6127588e+01 3.6069718e+01 1.5082985e+01 1.5079651e+01
1.2558000e+01 3.6116587e+01 3.6058772e+01 1.5121920e+01 1.5118577e+01
1.2569000e+01 3.6176933e+01 3.6118960e+01 1.5169864e+01 1.5166508e+01
1.2580000e+01 3.6268271e+01 3.6210721e+01 1.5226341e+01 1.5221075e+01
1.2592000e+01 3.6346940e+01 3.6288581e+01 1.5279020e+01 1.5275629e+01
1.2603000e+01 3.6328871e+01 3.6275265e+01 1.5331176e+01 1.5327416e+01
1.2614000e+01 3.6218157e+01 3.6166900e+01 1.5373835e+01 1.5370062e+01
1.2625000e+01 3.6232206e+01 3.6178302e+01 1.5415696e+01 1.5409997e+01
1.2637000e+01 3.6403369e+01 3.6348952e+01 1.5446834e+01 1.5443042e+01
1.2648000e+01 3.6429472e+01 3.6372277e+01 1.5464938e+01 1.5461147e+01
1.2659000e+01 3.6354564e+01 3.6296254e+01 1.5486840e+01 1.5483404e+01
1.2670000e+01 3.6327573e+01 3.6268686e+01 1.5522209e+01 1.5519124e+01
1.2682000e+01 3.6367828e+01 3.6309520e+01 1.5568274e+01 1.5565177e+01
1.2693000e+01 3.6459163e+01 3.6401285e+01 1.5620677e+01 1.5617206e+01
1.2704000e+01 3.6543748e+01 3.6487694e+01 1.5676558e+01 1.5673070e+01
1.2716000e+01 3.6550731e+01 3.6496047e+01 1.5726892e+01 1.5723389e+01
1.2727000e+01 3.6452555e+01 3.6398219e+01 1.5767194e+01 1.5763317e+01
1.2738000e+01 3.6411348e+01 3.6360487e+01 1.5807950e+01 1.5804061e+01
1.2749000e+01 3.6573093e+01 3.6519787e+01 1.5849040e+01 1.5845139e+01
1.2761000e+01 3.6645467e+01 3.6588555e+01 1.5873173e+01 1.5869269e+01
1.2771000e+01 3.6581997e+01 3.6523925e+01 1.5893696e+01 1.5890158e+01
1.2783000e+01 3.6534531e+01 3.6475259e+01 1.5928553e+01 1.5923416e+01
1.2794000e+01 3.6551442e+01 3.6492819e+01 1.5973465e+01 1.5969909e+01
1.2806000e+01 3.6621976e+01 3.6563162e+01 1.6022072e+01 1.6018502e+01
1.2816000e+01 3.6701402e+01 3.6643052e+01 1.6073433e+01 1.6069848e+01
1.2828000e+01 3.6757880e+01 3.6701445e+01 1.6124502e+01 1.6120903e+01
1.2839000e+01 3.6773066e+01 3.6717990e+01 1.6169930e+01 1.6166318e+01
1.2851000e+01 3.6778342e+01 3.6723960e+01 1.6210887e+01 1.6206891e+01
1.2861000e+01 3.6811929e+01 3.6756785e+01 1.6251351e+01 1.6247719e+01
1.2873000e+01 3.6845472e+01 3.6788878e+01 1.6283690e+01 1.6280051e+01
1.2884000e+01 3.6863773e+01 3.6806462e+01 1.6319200e+01 1.6315552e+01
1.2896000e+01 3.6883460e+01 3.6825428e+01 1.6360060e+01 1.6356401e+01
1.2906000e+01 3.6906563e+01 3.6849188e+01 1.6402855e+01 1.6399183e+01
1.2918000e+01 3.6924234e+01 3.6866832e+01 1.6443280e+01 1.6439596e+01
1.2929000e+01 3.6943936e+01 3.6887198e+01 1.6485385e+01 1.6481689e+01
1.2941000e+01 3.6965672e+01 3.6906189e+01 1.6528381e+01 1.6524672e+01
1.2951000e+01 3.6982673e+01 3.6925185e+01 1.6571053e+01 1.6567331e+01
1.2963000e+01 3.7004421e+01 3.6947596e+01 1.6611762e+01 1.6608029e+01
1.2974000e+01 3.7024152e+01 3.6966603e+01 1.6654158e+01 1.6650413e+01
1.2986000e+01 3.7043191e+01 3.6986310e+01 1.6694586e+01 1.6690829e+01
1.2997000e+01 3.7062933e+01 3.7006022e+01 1.6737088e+01 1.6733319e+01
1.3008000e+01 3.7081982e+01 3.7025045e+01 1.6777616e+01 1.6773835e+01
1.3019000e+01 3.7101735e+01 3.7044768e+01 1.6820223e+01 1.6816430e+01
1.3031000e+01 3.7121493e+01 3.7063801e+01 1.6860852e+01 1.6857047e+01
1.3042000e+01 3.7140558e+01 3.7083535e+01 1.6903564e+01 1.6899748e+01
1.3053000e+01 3.7160327e+01 3.7102578e+01 1.6944293e+01 1.6940465e+01
1.3064000e+01 3.7179402e+01 3.7122323e+01 1.6987112e+01 1.6983271e+01
1.3075000e+01 3.7199182e+01 3.7141376e+01 1.7027941e+01 1.7024089e+01
1.3087000e+01 3.7218268e+01 3.7161132e+01 1.7070865e+01 1.7067000e+01
1.3098000e+01 3.7238059e+01 3.7180893e+01 1.7111795e+01 1.7107919e+01
1.3109000e+01 3.7257855e+01 3.7199962e+01 1.7154824e+01 1.7150936e+01
1.3120000e+01 3.7277658e+01 3.7220434e+01 1.7197907e+01 1.7194006e+01
1.3132000e+01 3.7297465e+01 3.7240212e+01 1.7238989e+01 1.7237131e+01
1.3143000e+01 3.7317960e+01 3.7257950e+01 1.7282961e+01 1.7279036e+01
1.3154000e+01 3.7335728e+01 3.7279118e+01 1.7323743e+01 1.7319806e+01
1.3165000e+01 3.7356150e+01 3.7299514e+01 1.7363672e+01 1.7361786e+01
1.3177000e+01 3.7364651e+01 3.7308720e+01 1.7405681e+01 1.7401320e+01
1.3188000e+01 3.7362576e+01 3.7307378e+01 1.7445231e+01 1.7440858e+01
1.3199000e+01 3.7371626e+01 3.7316435e+01 1.7485531e+01 1.7481548e+01
1.3210000e+01 3.7417983e+01 3.7361991e+01 1.7533558e+01 1.7529560e+01
1.3222000e+01 3.7449018e+01 3.7390858e+01 1.7578177e+01 1.7574166e+01
1.3233000e+01 3.7409211e+01 3.7349790e+01 1.7615560e+01 1.7611540e+01
1.3244000e+01 3.7367751e+01 3.7307079e+01 1.7653981e+01 1.7649953e+01
1.3255000e+01 3.7376305e+01 3.7312902e+01 1.7698316e+01 1.7694277e+01
1.3267000e+01 3.7443023e+01 3.7380130e+01 1.7747165e+01 1.7743113e+01
1.3278000e+01 3.7525851e+01 3.7467569e+01 1.7797524e+01 1.7793459e+01
1.3289000e+01 3.7564631e+01 3.7507663e+01 1.7835565e+01 1.7833181e+01
1.3300000e+01 3.7500874e+01 3.7446210e+01 1.7868149e+01 1.7863661e+01
1.3312000e+01 3.7415071e+01 3.7362055e+01 1.7897683e+01 1.7894884e+01
1.3323000e+01 3.7522620e+01 3.7465195e+01 1.7954636e+01 1.7950123e+01
1.3334000e+01 3.7646573e+01 3.7588760e+01 1.8005518e+01 1.8003515e+01
1.3345000e+01 3.7602135e+01 3.7542361e+01 1.8045121e+01 1.8040994e+01
1.3357000e+01 3.7537167e+01 3.7476206e+01 1.8083896e+01 1.8079760e+01
1.3368000e+01 3.7541688e+01 3.7480729e+01 1.8128548e+01 1.8124819e+01
1.3379000e+01 3.7606931e+01 3.7546497e+01 1.8179050e+01 1.8174889e+01
1.3390000e+01 3.7702088e+01 3.7642094e+01 1.8228093e+01 1.8223919e+01
1.3402000e+01 3.7758992e+01 3.7700969e+01 1.8271248e+01 1.8267066e+01
1.3413000e+01 3.7717244e+01 3.7661480e+01 1.8298936e+01 1.8296475e+01
1.3424000e+01 3.7618525e+01 3.7564455e+01 1.8325062e+01 1.8322180e+01
1.3435000e+01 3.7665541e+01 3.7612072e+01 1.8374170e+01 1.8369546e+01
1.3447000e+01 3.7826129e+01 3.7768715e+01 1.8438484e+01 1.8434259e+01
1.3458000e+01 3.7815743e+01 3.7755545e+01 1.8483822e+01 1.8479584e+01
1.3469000e+01 3.7747926e+01 3.7683762e+01 1.8521769e+01 1.8519683e+01
1.3480000e+01 3.7734394e+01 3.7673071e+01 1.8566047e+01 1.8562217e+01
1.3492000e+01 3.7787072e+01 3.7725604e+01 1.8617112e+01 1.8612839e+01
1.3503000e+01 3.7875796e+01 3.7815496e+01 1.8667506e+01 1.8663221e+01
1.3514000e+01 3.7944457e+01 3.7886105e+01 1.8708363e+01 1.8704069e+01
1.3525000e+01 3.7929447e+01 3.7869771e+01 1.8736096e+01 1.8731369e+01
1.3537000e+01 3.7825017e+01 3.7771286e+01 1.8757681e+01 1.8752956e+01
1.3548000e+01 3.7824027e+01 3.7769612e+01 1.8799872e+01 1.8794703e+01
1.3559000e+01 3.7990171e+01 3.7933914e+01 1.8869395e+01 1.8867262e+01
1.3570000e+01 3.8026382e+01 3.7967194e+01 1.8924293e+01 1.8919943e+01
1.3582000e+01 3.7953767e+01 3.7892678e+01 1.8965397e+01 1.8961474e+01
1.3593000e+01 3.7928065e+01 3.7866368e+01 1.9010217e+01 1.9005845e+01
1.3604000e+01 3.7966197e+01 3.7904398e+01 1.9059647e+01 1.9055702e+01
1.3615000e+01 3.8044050e+01 3.7982744e+01 1.9106063e+01 1.9103885e+01
1.3626000e+01 3.8119572e+01 3.8060198e+01 1.9150749e+01 1.9146343e+01
1.3638000e+01 3.8127328e+01 3.8070096e+01 1.9178097e+01 1.9175918e+01
1.3649000e+01 3.8030777e+01 3.7975964e+01 1.9194341e+01 1.9191285e+01
1.3660000e+01 3.7983325e+01 3.7929367e+01 1.9228315e+01 1.9225254e+01
1.3671000e+01 3.8130416e+01 3.8073953e+01 1.9296966e+01 1.9294324e+01
1.3683000e+01 3.8218759e+01 3.8156365e+01 1.9365873e+01 1.9361412e+01
1.3694000e+01 3.8158017e+01 3.8096518e+01 1.9412121e+01 1.9407647e+01
1.3705000e+01 3.8117745e+01 3.8055675e+01 1.9456657e+01 1.9454421e+01
1.3716000e+01 3.8140182e+01 3.8075936e+01 1.9504852e+01 1.9500803e+01
1.3728000e+01 3.8210785e+01 3.8149179e+01 1.9553057e+01 1.9551258e+01
1.3739000e+01 3.8291184e+01 3.8230788e+01 1.9596710e+01 1.9592190e+01
1.3750000e+01 3.8317710e+01 3.8259411e+01 1.9624465e+01 1.9622215e+01
1.3761000e+01 3.8240265e+01 3.8184346e+01 1.9638271e+01 1.9632852e+01
1.3773000e+01 3.8155907e+01 3.8101661e+01 1.9659464e+01 1.9656771e+01
1.3784000e+01 3.8265982e+01 3.8210035e+01 1.9726678e+01 1.9723964e+01
1.3796000e+01 3.8394919e+01 3.8335762e+01 1.9807416e+01 1.9804672e+01
1.3806000e+01 3.8358239e+01 3.8296329e+01 1.9859542e+01 1.9854954e+01
1.3818000e+01 3.8306005e+01 3.8244277e+01 1.9905653e+01 1.9901512e+01
1.3829000e+01 3.8314133e+01 3.8251682e+01 1.9955358e+01 1.9953040e+01
1.3841000e+01 3.8373798e+01 3.8311897e+01 2.0005430e+01 2.0000803e+01
1.3851000e+01 3.8450596e+01 3.8389920e+01 2.0044356e+01 2.0042029e+01
1.3863000e+01 3.8494818e+01 3.8436197e+01 2.0073460e+01 2.0071135e+01
1.3874000e+01 3.8438928e+01 3.8381920e+01 2.0085978e+01 2.0083200e+01
1.3886000e+01 3.8331885e+01 3.8277333e+01 2.0098393e+01 2.0095623e+01
1.3896000e+01 3.8391029e+01 3.8335626e+01 2.0155627e+01 2.0150523e+01
1.3908000e+01 3.8552988e+01 3.8494281e+01 2.0243975e+01 2.0241621e+01
1.3919000e+01 3.8550500e+01 3.8488926e+01 2.0309712e+01 2.0307340e+01
1.3930000e+01 3.8491786e+01 3.8428968e+01 2.0359867e+01 2.0355149e+01
1.3941000e+01 3.8485564e+01 3.8422784e+01 2.0410259e+01 2.0405527e+01
1.3953000e+01 3.8533720e+01 3.8471531e+01 2.0456232e+01 2.0454305e+01
1.3964000e+01 3.8609580e+01 3.8547898e+01 2.0499591e+01 2.0497188e+01
1.3975000e+01 3.8663887e+01 3.8603508e+01 2.0530528e+01 2.0525301e+01
1.3986000e+01 3.8632910e+01 3.8575533e+01 2.0540315e+01 2.0535098e+01
1.3998000e+01 3.8523804e+01 3.8468185e+01 2.0545825e+01 2.0540620e+01
1.4009000e+01 3.8528477e+01 3.8472865e+01 2.0590178e+01 2.0584487e+01
1.4020000e+01 3.8697209e+01 3.8638992e+01 2.0685404e+01 2.0680141e+01
1.4031000e+01 3.8738805e+01 3.8677583e+01 2.0762955e+01 2.0758137e+01
1.4043000e+01 3.8680382e+01 3.8617176e+01 2.0813587e+01 2.0811609e+01
1.4054000e+01 3.8657919e+01 3.8594802e+01 2.0864308e+01 2.0859941e+01
1.4065000e+01 3.8693957e+01 3.8631470e+01 2.0914595e+01 2.0910216e+01
1.4077000e+01 3.8763699e+01 3.8701011e+01 2.0960647e+01 2.0955775e+01
1.4088000e+01 3.8823838e+01 3.8763169e+01 2.0988358e+01 2.0985881e+01
1.4099000e+01 3.8817607e+01 3.8758431e+01 2.0999575e+01 2.0994228e+01
1.4110000e+01 3.8709024e+01 3.8652338e+01 2.0996766e+01 2.0993833e+01
1.4122000e+01 3.8670110e+01 3.8614273e+01 2.1029014e+01 2.1023197e+01
1.4133000e+01 3.8816373e+01 3.8758708e+01 2.1117733e+01 2.1112358e+01
1.4144000e+01 3.8908315e+01 3.8847496e+01 2.1210469e+01 2.1207953e+01
1.4155000e+01 3.8859643e+01 3.8796800e+01 2.1274735e+01 2.1270274e+01
1.4167000e+01 3.8820639e+01 3.8757203e+01 2.1325320e+01 2.1322776e+01
1.4178000e+01 3.8835230e+01 3.8771762e+01 2.1375887e+01 2.1371399e+01
1.4189000e+01 3.8893439e+01 3.8830539e+01 2.1423849e+01 2.1418856e+01
1.4200000e+01 3.8960463e+01 3.8898105e+01 2.1462677e+01 2.1457678e+01
1.4212000e+01 3.9000545e+01 3.8940277e+01 2.1492047e+01 2.1487048e+01
1.4222000e+01 3.8999429e+01 3.8939907e+01 2.1514486e+01 2.1509490e+01
1.4234000e+01 3.8996253e+01 3.8937487e+01 2.1547676e+01 2.1544626e+01
1.4245000e+01 3.9032722e+01 3.8973140e+01 2.1606376e+01 2.1600857e+01
1.4257000e+01 3.9067644e+01 3.9007253e+01 2.1666818e+01 2.1663734e+01
1.4267000e+01 3.9085218e+01 3.9023329e+01 2.1717664e+01 2.1715066e+01
1.4279000e+01 3.9101035e+01 3.9039859e+01 2.1764606e+01 2.1759533e+01
1.4290000e+01 3.9115343e+01 3.9054144e+01 2.1810083e+01 2.1804997e+01
1.4302000e+01 3.9134434e+01 3.9073207e+01 2.1854042e+01 2.1851412e+01
1.4313000e+01 3.9146821e+01 3.9085576e+01 2.1901015e+01 2.1895904e+01
1.4324000e+01 3.9162194e+01 3.9100927e+01 2.1943593e+01 2.1940436e+01
1.4335000e+01 3.9177122e+01 3.9115834e+01 2.1990110e+01 2.1986940e+01
1.4347000e+01 3.9192053e+01 3.9131480e+01 2.2036674e+01 2.2034002e+01
1.4358000e+01 3.9207726e+01 3.9146392e+01 2.2083797e+01 2.2081113e+01
1.4369000e+01 3.9222663e+01 3.9162045e+01 2.2128486e+01 2.2125281e+01
1.4380000e+01 3.9238343e+01 3.9176963e+01 2.2175707e+01 2.2172490e+01
1.4392000e+01 3.9256275e+01 3.9195607e+01 2.2222978e+01 2.2219749e+01
1.4403000e+01 3.9271961e+01 3.9210532e+01 2.2270299e+01 2.2267058e+01
1.4414000e+01 3.9286911e+01 3.9226198e+01 2.2315176e+01 2.2311923e+01
1.4425000e+01 3.9302604e+01 3.9241129e+01 2.2362595e+01 2.2359331e+01
1.4448000e+01 3.9398596e+01 3.9083442e+01 2.2327099e+01 2.2574119e+01
