-1200	0	0
-1199.5	0	0
-1199	0	0
-1198.5	0	0
-1198	0	0
-1197.5	0	0
-1197	0	0
-1196.5	0	0
-1196	0	0
-1195.5	0	0
-1195	0	0
-1194.5	0	0
-1194	0	0
-1193.5	0	0
-1193	0	0
-1192.5	0	0
-1192	0	0
-1191.5	0	0
-1191	0	0
-1190.5	0	0
-1190	0	0
-1189.5	0	0
-1189	0	0
-1188.5	0	0
-1188	0	0
-1187.5	0	0
-1187	0	0
-1186.5	0	0
-1186	0	0
-1185.5	0	0
-1185	0	0
-1184.5	0	0
-1184	0	0
-1183.5	0	0
-1183	0	0
-1182.5	0	0
-1182	0	0
-1181.5	0	0
-1181	0	0
-1180.5	0	0
-1180	0	0
-1179.5	0	0
-1179	0	0
-1178.5	0	0
-1178	0	0
-1177.5	0	0
-1177	0	0
-1176.5	0	0
-1176	0	0
-1175.5	0	0
-1175	0	0
-1174.5	0	0
-1174	0	0
-1173.5	0	0
-1173	0	0
-1172.5	0	0
-1172	0	0
-1171.5	0	0
-1171	0	0
-1170.5	0	0
-1170	0	0
-1169.5	0	0
-1169	0	0
-1168.5	0	0
-1168	0	0
-1167.5	0	0
-1167	0	0
-1166.5	0	0
-1166	0	0
-1165.5	0	0
-1165	0	0
-1164.5	0	0
-1164	0	0
-1163.5	0	0
-1163	0	0
-1162.5	0	0
-1162	0	0
-1161.5	0	0
-1161	0	0
-1160.5	0	0
-1160	0	0
-1159.5	0	0
-1159	0	0
-1158.5	0	0
-1158	0	0
-1157.5	0	0
-1157	0	0
-1156.5	0	0
-1156	0	0
-1155.5	0	0
-1155	0	0
-1154.5	0	0
-1154	0	0
-1153.5	0	0
-1153	0	0
-1152.5	0	0
-1152	0	0
-1151.5	0	0
-1151	0	0
-1150.5	0	0
-1150	0	0
-1149.5	0	0
-1149	0	0
-1148.5	0	0
-1148	0	0
-1147.5	0	0
-1147	0	0
-1146.5	0	0
-1146	0	0
-1145.5	0	0
-1145	0	0
-1144.5	0	0
-1144	0	0
-1143.5	0	0
-1143	0	0
-1142.5	0	0
-1142	0	0
-1141.5	0	0
-1141	0	0
-1140.5	0	0
-1140	0	0
-1139.5	0	0
-1139	0	0
-1138.5	0	0
-1138	0	0
-1137.5	0	0
-1137	0	0
-1136.5	0	0
-1136	0	0
-1135.5	0	0
-1135	0	0
-1134.5	0	0
-1134	0	0
-1133.5	0	0
-1133	0	0
-1132.5	0	0
-1132	0	0
-1131.5	0	0
-1131	0	0
-1130.5	0	0
-1130	0	0
-1129.5	0	0
-1129	0	0
-1128.5	0	0
-1128	0	0
-1127.5	0	0
-1127	0	0
-1126.5	0	0
-1126	0	0
-1125.5	0	0
-1125	0	0
-1124.5	0	0
-1124	0	0
-1123.5	0	0
-1123	0	0
-1122.5	0	0
-1122	0	0
-1121.5	0	0
-1121	0	0
-1120.5	0	0
-1120	0	0
-1119.5	0	0
-1119	0	0
-1118.5	0	0
-1118	0	0
-1117.5	0	0
-1117	0	0
-1116.5	0	0
-1116	0	0
-1115.5	0	0
-1115	0	0
-1114.5	0	0
-1114	0	0
-1113.5	0	0
-1113	0	0
-1112.5	0	0
-1112	0	0
-1111.5	0	0
-1111	0	0
-1110.5	0	0
-1110	0	0
-1109.5	0	0
-1109	0	0
-1108.5	0	0
-1108	0	0
-1107.5	0	0
-1107	0	0
-1106.5	0	0
-1106	0	0
-1105.5	0	0
-1105	0	0
-1104.5	0	0
-1104	0	0
-1103.5	0	0
-1103	0	0
-1102.5	0	0
-1102	0	0
-1101.5	0	0
-1101	0	0
-1100.5	0	0
-1100	0	0
-1099.5	0	0
-1099	0	0
-1098.5	0	0
-1098	0	0
-1097.5	0	0
-1097	0	0
-1096.5	0	0
-1096	0	0
-1095.5	0	0
-1095	0	0
-1094.5	0	0
-1094	0	0
-1093.5	0	0
-1093	0	0
-1092.5	0	0
-1092	0	0
-1091.5	0	0
-1091	0	0
-1090.5	0	0
-1090	0	0
-1089.5	0	0
-1089	0	0
-1088.5	0	0
-1088	0	0
-1087.5	0	0
-1087	0	0
-1086.5	0	0
-1086	0	0
-1085.5	0	0
-1085	0	0
-1084.5	0	0
-1084	0	0
-1083.5	0	0
-1083	0	0
-1082.5	0	0
-1082	0	0
-1081.5	0	0
-1081	0	0
-1080.5	0	0
-1080	0	0
-1079.5	0	0
-1079	0	0
-1078.5	0	0
-1078	0	0
-1077.5	0	0
-1077	0	0
-1076.5	0	0
-1076	0	0
-1075.5	0	0
-1075	0	0
-1074.5	0	0
-1074	0	0
-1073.5	0	0
-1073	0	0
-1072.5	0	0
-1072	0	0
-1071.5	0	0
-1071	0	0
-1070.5	0	0
-1070	0	0
-1069.5	0	0
-1069	0	0
-1068.5	0	0
-1068	0	0
-1067.5	0	0
-1067	0	0
-1066.5	0	0
-1066	0	0
-1065.5	0	0
-1065	0	0
-1064.5	0	0
-1064	0	0
-1063.5	0	0
-1063	0	0
-1062.5	0	0
-1062	0	0
-1061.5	0	0
-1061	0	0
-1060.5	0	0
-1060	0	0
-1059.5	0	0
-1059	0	0
-1058.5	0	0
-1058	0	0
-1057.5	0	0
-1057	0	0
-1056.5	0	0
-1056	0	0
-1055.5	0	0
-1055	0	0
-1054.5	0	0
-1054	0	0
-1053.5	0	0
-1053	0	0
-1052.5	0	0
-1052	0	0
-1051.5	0	0
-1051	0	0
-1050.5	0	0
-1050	0	0
-1049.5	0	0
-1049	0	0
-1048.5	0	0
-1048	0	0
-1047.5	0	0
-1047	0	0
-1046.5	0	0
-1046	0	0
-1045.5	0	0
-1045	0	0
-1044.5	0	0
-1044	0	0
-1043.5	0	0
-1043	0	0
-1042.5	0	0
-1042	0	0
-1041.5	0	0
-1041	0	0
-1040.5	0	0
-1040	0	0
-1039.5	0	0
-1039	0	0
-1038.5	0	0
-1038	0	0
-1037.5	0	0
-1037	0	0
-1036.5	0	0
-1036	0	0
-1035.5	0	0
-1035	0	0
-1034.5	0	0
-1034	0	0
-1033.5	0	0
-1033	0	0
-1032.5	0	0
-1032	0	0
-1031.5	0	0
-1031	0	0
-1030.5	0	0
-1030	0	0
-1029.5	0	0
-1029	0	0
-1028.5	0	0
-1028	0	0
-1027.5	0	0
-1027	0	0
-1026.5	0	0
-1026	0	0
-1025.5	0	0
-1025	0	0
-1024.5	0	0
-1024	0	0
-1023.5	0	0
-1023	0	0
-1022.5	0	0
-1022	0	0
-1021.5	0	0
-1021	0	0
-1020.5	0	0
-1020	0	0
-1019.5	0	0
-1019	0	0
-1018.5	0	0
-1018	0	0
-1017.5	0	0
-1017	0	0
-1016.5	0	0
-1016	0	0
-1015.5	0	0
-1015	0	0
-1014.5	0	0
-1014	0	0
-1013.5	0	0
-1013	0	0
-1012.5	0	0
-1012	0	0
-1011.5	0	0
-1011	0	0
-1010.5	0	0
-1010	0	0
-1009.5	0	0
-1009	0	0
-1008.5	0	0
-1008	0	0
-1007.5	0	0
-1007	0	0
-1006.5	0	0
-1006	0	0
-1005.5	0	0
-1005	0	0
-1004.5	0	0.014998596
-1004	0	0.039849581
-1003.5	0	0.064301998
-1003	0	0.08811128
-1002.5	0	0.11103929
-1002	0	0.132856708
-1001.5	0	0.153345319
-1001	0	0.172300201
-1000.5	0	0.189531772
-1000	0	0.204867683
-999.5	0	0.218154549
-999	0	0.229259477
-998.5	0	0.238071398
-998	0	0.244502176
-997.5	0	0.248487493
-997	0	0.249987487
-996.5	0	0.248987157
-996	0	0.245496508
-995.5	0	0.239550451
-995	0	0.231208459
-994.5	0	0.220553966
-994	0	0.207693537
-993.5	0	0.192755798
-993	0	0.175890155
-992.5	0	0.157265294
-992	0	0.137067497
-991.5	0	0.115498778
-991	0	0.092774864
-990.5	0	0.069123034
-990	0	0.044779849
-989.5	0	0.019988785
-989	0	-0.015006607
-988.5	0	-0.089829476
-988	0	-0.16375389
-987.5	0	-0.236040469
-987	0	-0.305966219
-986.5	0	-0.372831757
-986	0	-0.435968306
-985.5	0	-0.494744387
-985	0	-0.548572135
-984.5	0	-0.596913174
-984	0	-0.639284007
-983.5	0	-0.67526085
-983	0	-0.704483869
-982.5	0	-0.726660782
-982	0	-0.741569779
-981.5	0	-0.749061744
-981	0	-0.749061744
-980.5	0	-0.741569779
-980	0	-0.726660782
-979.5	0	-0.704483869
-979	0	-0.67526085
-978.5	0	-0.639284007
-978	0	-0.596913174
-977.5	0	-0.548572135
-977	0	-0.494744387
-976.5	0	-0.435968306
-976	0	-0.372831757
-975.5	0	-0.305966219
-975	0	-0.236040469
-974.5	0	-0.16375389
-974	0	-0.089829476
-973.5	0	-0.015006607
-973	0	0.079955141
-972.5	0	0.179119396
-972	0	0.276492135
-971.5	0	0.371099455
-971	0	0.461995112
-970.5	0	0.548269987
-970	0	0.629061176
-969.5	0	0.703560621
-969	0	0.771023194
-968.5	0	0.830774147
-968	0	0.882215864
-967.5	0	0.924833835
-967	0	0.958201804
-966.5	0	0.98198603
-966	0	0.995948629
-965.5	0	0.99994995
-965	0	0.993949971
-964.5	0	0.978008705
-964	0	0.952285592
-963.5	0	0.917037909
-963	0	0.872618197
-962.5	0	0.819470733
-962	0	0.758127087
-961.5	0	0.689200806
-961	0	0.613381277
-960.5	0	0.531426831
-960	0	0.444157161
-959.5	0	0.35244512
-959	0	0.257207993
-958.5	0	0.159398324
-958	0	0.059994385
-957.5	0	-0.040009607
-957	0	-0.13961343
-956.5	0	-0.237820867
-956	0	-0.333649668
-955.5	0	-0.426141372
-955	0	-0.514370895
-954.5	0	-0.597455784
-954	0	-0.67456504
-953.5	0	-0.744927432
-953	0	-0.807839209
-952.5	0	-0.86267114
-952	0	-0.908874808
-951.5	0	-0.945988092
-951	0	-0.973639793
-950.5	0	-0.991553344
-950	0	-0.999549577
-949.5	0	-0.997548516
-949	0	-0.985570175
-948.5	0	-0.963734359
-948	0	-0.932259465
-947.5	0	-0.891460299
-947	0	-0.841744926
-946.5	0	-0.783610589
-946	0	-0.717638736
-945.5	0	-0.644489204
-945	0	-0.564893621
-944.5	0	-0.479648084
-944	0	-0.389605204
-943.5	0	-0.295665571
-943	0	-0.198768751
-942.5	0	-0.099883885
-942	0	2.15587E-14
-941.5	0	0.099883885
-941	0	0.198768751
-940.5	0	0.295665571
-940	0	0.389605204
-939.5	0	0.479648084
-939	0	0.564893621
-938.5	0	0.644489204
-938	0	0.717638736
-937.5	0	0.783610589
-937	0	0.841744926
-936.5	0	0.891460299
-936	0	0.932259465
-935.5	0	0.963734359
-935	0	0.985570175
-934.5	0	0.997548516
-934	0	0.999549577
-933.5	0	0.991553344
-933	0	0.973639793
-932.5	0	0.945988092
-932	0	0.908874808
-931.5	0	0.86267114
-931	0	0.807839209
-930.5	0	0.744927432
-930	0	0.67456504
-929.5	0	0.597455784
-929	0	0.514370895
-928.5	0	0.426141372
-928	0	0.333649668
-927.5	0	0.237820867
-927	0	0.13961343
-926.5	0	0.040009607
-926	0	-0.059994385
-925.5	0	-0.159398324
-925	0	-0.257207993
-924.5	0	-0.35244512
-924	0	-0.444157161
-923.5	0	-0.531426831
-923	0	-0.613381277
-922.5	0	-0.689200806
-922	0	-0.758127087
-921.5	0	-0.819470733
-921	0	-0.872618197
-920.5	0	-0.917037909
-920	0	-0.952285592
-919.5	0	-0.978008705
-919	0	-0.993949971
-918.5	0	-0.99994995
-918	0	-0.995948629
-917.5	0	-0.98198603
-917	0	-0.958201804
-916.5	0	-0.924833835
-916	0	-0.882215864
-915.5	0	-0.830774147
-915	0	-0.771023194
-914.5	0	-0.703560621
-914	0	-0.629061176
-913.5	0	-0.548269987
-913	0	-0.461995112
-912.5	0	-0.371099455
-912	0	-0.276492135
-911.5	0	-0.179119396
-911	0	-0.079955141
-910.5	0	0.020008809
-910	0	0.119772635
-909.5	0	0.218338519
-909	0	0.314720626
-908.5	0	0.407954959
-908	0	0.497109009
-907.5	0	0.581291075
-907	0	0.659659183
-906.5	0	0.731429513
-906	0	0.795884232
-905.5	0	0.852378676
-905	0	0.9003478
-904.5	0	0.939311825
-904	0	0.968881042
-903.5	0	0.988759705
-903	0	0.998748993
-902.5	0	0.998748993
-902	0	0.988759705
-901.5	0	0.968881042
-901	0	0.939311825
-900.5	0	0.9003478
-900	0	0.852378676
-899.5	0	0.795884232
-899	0	0.731429513
-898.5	0	0.659659183
-898	0	0.581291075
-897.5	0	0.497109009
-897	0	0.407954959
-896.5	0	0.314720626
-896	0	0.218338519
-895.5	0	0.119772635
-895	0	0.020008809
-894.5	0	-0.079955141
-894	0	-0.179119396
-893.5	0	-0.276492135
-893	0	-0.371099455
-892.5	0	-0.461995112
-892	0	-0.548269987
-891.5	0	-0.629061176
-891	0	-0.703560621
-890.5	0	-0.771023194
-890	0	-0.830774147
-889.5	0	-0.882215864
-889	0	-0.924833835
-888.5	0	-0.958201804
-888	0	-0.98198603
-887.5	0	-0.995948629
-887	0	-0.99994995
-886.5	0	-0.993949971
-886	0	-0.978008705
-885.5	0	-0.952285592
-885	0	-0.917037909
-884.5	0	-0.872618197
-884	0	-0.819470733
-883.5	0	-0.758127087
-883	0	-0.689200806
-882.5	0	-0.613381277
-882	0	-0.531426831
-881.5	0	-0.444157161
-881	0	-0.35244512
-880.5	0	-0.257207993
-880	0	-0.159398324
-879.5	0	-0.059994385
-879	0	0.040009607
-878.5	0	0.13961343
-878	0	0.237820867
-877.5	0	0.333649668
-877	0	0.426141372
-876.5	0	0.514370895
-876	0	0.597455784
-875.5	0	0.67456504
-875	0	0.744927432
-874.5	0	0.807839209
-874	0	0.86267114
-873.5	0	0.908874808
-873	0	0.945988092
-872.5	0	0.973639793
-872	0	0.991553344
-871.5	0	0.999549577
-871	0	0.997548516
-870.5	0	0.985570175
-870	0	0.963734359
-869.5	0	0.932259465
-869	0	0.891460299
-868.5	0	0.841744926
-868	0	0.783610589
-867.5	0	0.717638736
-867	0	0.644489204
-866.5	0	0.564893621
-866	0	0.479648084
-865.5	0	0.389605204
-865	0	0.295665571
-864.5	0	0.198768751
-864	0	0.099883885
-863.5	0	3.92258E-15
-863	0	-0.099883885
-862.5	0	-0.198768751
-862	0	-0.295665571
-861.5	0	-0.389605204
-861	0	-0.479648084
-860.5	0	-0.564893621
-860	0	-0.644489204
-859.5	0	-0.717638736
-859	0	-0.783610589
-858.5	0	-0.841744926
-858	0	-0.891460299
-857.5	0	-0.932259465
-857	0	-0.963734359
-856.5	0	-0.985570175
-856	0	-0.997548516
-855.5	0	-0.999549577
-855	0	-0.991553344
-854.5	0	-0.973639793
-854	0	-0.945988092
-853.5	0	-0.908874808
-853	0	-0.86267114
-852.5	0	-0.807839209
-852	0	-0.744927432
-851.5	0	-0.67456504
-851	0	-0.597455784
-850.5	0	-0.514370895
-850	0	-0.426141372
-849.5	0	-0.333649668
-849	0	-0.237820867
-848.5	0	-0.13961343
-848	0	-0.040009607
-847.5	0	0.059994385
-847	0	0.159398324
-846.5	0	0.257207993
-846	0	0.35244512
-845.5	0	0.444157161
-845	0	0.531426831
-844.5	0	0.613381277
-844	0	0.689200806
-843.5	0	0.758127087
-843	0	0.819470733
-842.5	0	0.872618197
-842	0	0.917037909
-841.5	0	0.952285592
-841	0	0.978008705
-840.5	0	0.993949971
-840	0	0.99994995
-839.5	0	0.995948629
-839	0	0.98198603
-838.5	0	0.958201804
-838	0	0.924833835
-837.5	0	0.882215864
-837	0	0.830774147
-836.5	0	0.771023194
-836	0	0.703560621
-835.5	0	0.629061176
-835	0	0.548269987
-834.5	0	0.461995112
-834	0	0.371099455
-833.5	0	0.276492135
-833	0	0.179119396
-832.5	0	0.079955141
-832	0	-0.020008809
-831.5	0	-0.119772635
-831	0	-0.218338519
-830.5	0	-0.314720626
-830	0	-0.407954959
-829.5	0	-0.497109009
-829	0	-0.581291075
-828.5	0	-0.659659183
-828	0	-0.731429513
-827.5	0	-0.795884232
-827	0	-0.852378676
-826.5	0	-0.9003478
-826	0	-0.939311825
-825.5	0	-0.968881042
-825	0	-0.988759705
-824.5	0	-0.998748993
-824	0	-0.998748993
-823.5	0	-0.988759705
-823	0	-0.968881042
-822.5	0	-0.939311825
-822	0	-0.9003478
-821.5	0	-0.852378676
-821	0	-0.795884232
-820.5	0	-0.731429513
-820	0	-0.659659183
-819.5	0	-0.581291075
-819	0	-0.497109009
-818.5	0	-0.407954959
-818	0	-0.314720626
-817.5	0	-0.218338519
-817	0	-0.119772635
-816.5	0	-0.020008809
-816	0	0.079955141
-815.5	0	0.179119396
-815	0	0.276492135
-814.5	0	0.371099455
-814	0	0.461995112
-813.5	0	0.548269987
-813	0	0.629061176
-812.5	0	0.703560621
-812	0	0.771023194
-811.5	0	0.830774147
-811	0	0.882215864
-810.5	0	0.924833835
-810	0	0.958201804
-809.5	0	0.98198603
-809	0	0.995948629
-808.5	0	0.99994995
-808	0	0.993949971
-807.5	0	0.978008705
-807	0	0.952285592
-806.5	0	0.917037909
-806	0	0.872618197
-805.5	0	0.819470733
-805	0	0.758127087
-804.5	0	0.689200806
-804	0	0.613381277
-803.5	0	0.531426831
-803	0	0.444157161
-802.5	0	0.35244512
-802	0	0.257207993
-801.5	0	0.159398324
-801	0	0.059994385
-800.5	0	-0.040009607
-800	0	-0.13961343
-799.5	0	-0.237820867
-799	0	-0.333649668
-798.5	0	-0.426141372
-798	0	-0.514370895
-797.5	0	-0.597455784
-797	0	-0.67456504
-796.5	0	-0.744927432
-796	0	-0.807839209
-795.5	0	-0.86267114
-795	0	-0.908874808
-794.5	0	-0.945988092
-794	0	-0.973639793
-793.5	0	-0.991553344
-793	0	-0.999549577
-792.5	0	-0.997548516
-792	0	-0.985570175
-791.5	0	-0.963734359
-791	0	-0.932259465
-790.5	0	-0.891460299
-790	0	-0.841744926
-789.5	0	-0.783610589
-789	0	-0.717638736
-788.5	0	-0.644489204
-788	0	-0.564893621
-787.5	0	-0.479648084
-787	0	-0.389605204
-786.5	0	-0.295665571
-786	0	-0.198768751
-785.5	0	-0.099883885
-785	0	-9.82193E-16
-784.5	0	0.099883885
-784	0	0.198768751
-783.5	0	0.295665571
-783	0	0.389605204
-782.5	0	0.479648084
-782	0	0.564893621
-781.5	0	0.644489204
-781	0	0.717638736
-780.5	0	0.783610589
-780	0	0.841744926
-779.5	0	0.891460299
-779	0	0.932259465
-778.5	0	0.963734359
-778	0	0.985570175
-777.5	0	0.997548516
-777	0	0.999549577
-776.5	0	0.991553344
-776	0	0.973639793
-775.5	0	0.945988092
-775	0	0.908874808
-774.5	0	0.86267114
-774	0	0.807839209
-773.5	0	0.744927432
-773	0	0.67456504
-772.5	0	0.597455784
-772	0	0.514370895
-771.5	0	0.426141372
-771	0	0.333649668
-770.5	0	0.237820867
-770	0	0.13961343
-769.5	0	0.040009607
-769	0	-0.059994385
-768.5	0	-0.159398324
-768	0	-0.257207993
-767.5	0	-0.35244512
-767	0	-0.444157161
-766.5	0	-0.531426831
-766	0	-0.613381277
-765.5	0	-0.689200806
-765	0	-0.758127087
-764.5	0	-0.819470733
-764	0	-0.872618197
-763.5	0	-0.917037909
-763	0	-0.952285592
-762.5	0	-0.978008705
-762	0	-0.993949971
-761.5	0	-0.99994995
-761	0	-0.995948629
-760.5	0	-0.98198603
-760	0	-0.958201804
-759.5	0	-0.924833835
-759	0	-0.882215864
-758.5	0	-0.830774147
-758	0	-0.771023194
-757.5	0	-0.703560621
-757	0	-0.629061176
-756.5	0	-0.548269987
-756	0	-0.461995112
-755.5	0	-0.371099455
-755	0	-0.276492135
-754.5	0	-0.179119396
-754	0	-0.079955141
-753.5	0	0.020008809
-753	0	0.119772635
-752.5	0	0.218338519
-752	0	0.314720626
-751.5	0	0.407954959
-751	0	0.497109009
-750.5	0	0.581291075
-750	0	0.659659183
-749.5	0	0.731429513
-749	0	0.795884232
-748.5	0	0.852378676
-748	0	0.9003478
-747.5	0	0.939311825
-747	0	0.968881042
-746.5	0	0.988759705
-746	0	0.998748993
-745.5	0	0.998748993
-745	0	0.988759705
-744.5	0	0.968881042
-744	0	0.939311825
-743.5	0	0.9003478
-743	0	0.852378676
-742.5	0	0.795884232
-742	0	0.731429513
-741.5	0	0.659659183
-741	0	0.581291075
-740.5	0	0.497109009
-740	0	0.407954959
-739.5	0	0.314720626
-739	0	0.218338519
-738.5	0	0.119772635
-738	0	0.020008809
-737.5	0	-0.079955141
-737	0	-0.179119396
-736.5	0	-0.276492135
-736	0	-0.371099455
-735.5	0	-0.461995112
-735	0	-0.548269987
-734.5	0	-0.629061176
-734	0	-0.703560621
-733.5	0	-0.771023194
-733	0	-0.830774147
-732.5	0	-0.882215864
-732	0	-0.924833835
-731.5	0	-0.958201804
-731	0	-0.98198603
-730.5	0	-0.995948629
-730	0	-0.99994995
-729.5	0	-0.993949971
-729	0	-0.978008705
-728.5	0	-0.952285592
-728	0	-0.917037909
-727.5	0	-0.872618197
-727	0	-0.819470733
-726.5	0	-0.758127087
-726	0	-0.689200806
-725.5	0	-0.613381277
-725	0	-0.531426831
-724.5	0	-0.444157161
-724	0	-0.35244512
-723.5	0	-0.257207993
-723	0	-0.159398324
-722.5	0	-0.059994385
-722	0	0.040009607
-721.5	0	0.13961343
-721	0	0.237820867
-720.5	0	0.333649668
-720	0	0.426141372
-719.5	0	0.514370895
-719	0	0.597455784
-718.5	0	0.67456504
-718	0	0.744927432
-717.5	0	0.807839209
-717	0	0.86267114
-716.5	0	0.908874808
-716	0	0.945988092
-715.5	0	0.973639793
-715	0	0.991553344
-714.5	0	0.999549577
-714	0	0.997548516
-713.5	0	0.985570175
-713	0	0.963734359
-712.5	0	0.932259465
-712	0	0.891460299
-711.5	0	0.841744926
-711	0	0.783610589
-710.5	0	0.717638736
-710	0	0.644489204
-709.5	0	0.564893621
-709	0	0.479648084
-708.5	0	0.389605204
-708	0	0.295665571
-707.5	0	0.198768751
-707	0	0.099883885
-706.5	0	-1.9582E-15
-706	0	-0.099883885
-705.5	0	-0.198768751
-705	0	-0.295665571
-704.5	0	-0.389605204
-704	0	-0.479648084
-703.5	0	-0.564893621
-703	0	-0.644489204
-702.5	0	-0.717638736
-702	0	-0.783610589
-701.5	0	-0.841744926
-701	0	-0.891460299
-700.5	0	-0.932259465
-700	0	-0.963734359
-699.5	0	-0.985570175
-699	0	-0.997548516
-698.5	0	-0.999549577
-698	0	-0.991553344
-697.5	0	-0.973639793
-697	0	-0.945988092
-696.5	0	-0.908874808
-696	0	-0.86267114
-695.5	0	-0.807839209
-695	0	-0.744927432
-694.5	0	-0.67456504
-694	0	-0.597455784
-693.5	0	-0.514370895
-693	0	-0.426141372
-692.5	0	-0.333649668
-692	0	-0.237820867
-691.5	0	-0.13961343
-691	0	-0.040009607
-690.5	0	0.059994385
-690	0	0.159398324
-689.5	0	0.257207993
-689	0	0.35244512
-688.5	0	0.444157161
-688	0	0.531426831
-687.5	0	0.613381277
-687	0	0.689200806
-686.5	0	0.758127087
-686	0	0.819470733
-685.5	0	0.872618197
-685	0	0.917037909
-684.5	0	0.952285592
-684	0	0.978008705
-683.5	0	0.993949971
-683	0	0.99994995
-682.5	0	0.995948629
-682	0	0.98198603
-681.5	0	0.958201804
-681	0	0.924833835
-680.5	0	0.882215864
-680	0	0.830774147
-679.5	0	0.771023194
-679	0	0.703560621
-678.5	0	0.629061176
-678	0	0.548269987
-677.5	0	0.461995112
-677	0	0.371099455
-676.5	0	0.276492135
-676	0	0.179119396
-675.5	0	0.079955141
-675	0	-0.020008809
-674.5	0	-0.119772635
-674	0	-0.218338519
-673.5	0	-0.314720626
-673	0	-0.407954959
-672.5	0	-0.497109009
-672	0	-0.581291075
-671.5	0	-0.659659183
-671	0	-0.731429513
-670.5	0	-0.795884232
-670	0	-0.852378676
-669.5	0	-0.9003478
-669	0	-0.939311825
-668.5	0	-0.968881042
-668	0	-0.988759705
-667.5	0	-0.998748993
-667	0	-0.998748993
-666.5	0	-0.988759705
-666	0	-0.968881042
-665.5	0	-0.939311825
-665	0	-0.9003478
-664.5	0	-0.852378676
-664	0	-0.795884232
-663.5	0	-0.731429513
-663	0	-0.659659183
-662.5	0	-0.581291075
-662	0	-0.497109009
-661.5	0	-0.407954959
-661	0	-0.314720626
-660.5	0	-0.218338519
-660	0	-0.119772635
-659.5	0	-0.020008809
-659	0	0.079955141
-658.5	0	0.179119396
-658	0	0.276492135
-657.5	0	0.371099455
-657	0	0.461995112
-656.5	0	0.548269987
-656	0	0.629061176
-655.5	0	0.703560621
-655	0	0.771023194
-654.5	0	0.830774147
-654	0	0.882215864
-653.5	0	0.924833835
-653	0	0.958201804
-652.5	0	0.98198603
-652	0	0.995948629
-651.5	0	0.99994995
-651	0	0.993949971
-650.5	0	0.978008705
-650	0	0.952285592
-649.5	0	0.917037909
-649	0	0.872618197
-648.5	0	0.819470733
-648	0	0.758127087
-647.5	0	0.689200806
-647	0	0.613381277
-646.5	0	0.531426831
-646	0	0.444157161
-645.5	0	0.35244512
-645	0	0.257207993
-644.5	0	0.159398324
-644	0	0.059994385
-643.5	0	-0.040009607
-643	0	-0.13961343
-642.5	0	-0.237820867
-642	0	-0.333649668
-641.5	0	-0.426141372
-641	0	-0.514370895
-640.5	0	-0.597455784
-640	0	-0.67456504
-639.5	0	-0.744927432
-639	0	-0.807839209
-638.5	0	-0.86267114
-638	0	-0.908874808
-637.5	0	-0.945988092
-637	0	-0.973639793
-636.5	0	-0.991553344
-636	0	-0.999549577
-635.5	0	-0.997548516
-635	0	-0.985570175
-634.5	0	-0.963734359
-634	0	-0.932259465
-633.5	0	-0.891460299
-633	0	-0.841744926
-632.5	0	-0.783610589
-632	0	-0.717638736
-631.5	0	-0.644489204
-631	0	-0.564893621
-630.5	0	-0.479648084
-630	0	-0.389605204
-629.5	0	-0.295665571
-629	0	-0.198768751
-628.5	0	-0.099883885
-628	0	4.89859E-15
-627.5	0	0.099883885
-627	0	0.198768751
-626.5	0	0.295665571
-626	0	0.389605204
-625.5	0	0.479648084
-625	0	0.564893621
-624.5	0	0.644489204
-624	0	0.717638736
-623.5	0	0.783610589
-623	0	0.841744926
-622.5	0	0.891460299
-622	0	0.932259465
-621.5	0	0.963734359
-621	0	0.985570175
-620.5	0	0.997548516
-620	0	0.999549577
-619.5	0	0.991553344
-619	0	0.973639793
-618.5	0	0.945988092
-618	0	0.908874808
-617.5	0	0.86267114
-617	0	0.807839209
-616.5	0	0.744927432
-616	0	0.67456504
-615.5	0	0.597455784
-615	0	0.514370895
-614.5	0	0.426141372
-614	0	0.333649668
-613.5	0	0.237820867
-613	0	0.13961343
-612.5	0	0.040009607
-612	0	-0.059994385
-611.5	0	-0.159398324
-611	0	-0.257207993
-610.5	0	-0.35244512
-610	0	-0.444157161
-609.5	0	-0.531426831
-609	0	-0.613381277
-608.5	0	-0.689200806
-608	0	-0.758127087
-607.5	0	-0.819470733
-607	0	-0.872618197
-606.5	0	-0.917037909
-606	0	-0.952285592
-605.5	0	-0.978008705
-605	0	-0.993949971
-604.5	0	-0.99994995
-604	0	-0.995948629
-603.5	0	-0.98198603
-603	0	-0.958201804
-602.5	0	-0.924833835
-602	0	-0.882215864
-601.5	0	-0.830774147
-601	0	-0.771023194
-600.5	0	-0.703560621
-600	0	-0.629061176
-599.5	0	-0.548269987
-599	0	-0.461995112
-598.5	0	-0.371099455
-598	0	-0.276492135
-597.5	0	-0.179119396
-597	0	-0.079955141
-596.5	0	0.020008809
-596	0	0.119772635
-595.5	0	0.218338519
-595	0	0.314720626
-594.5	0	0.407954959
-594	0	0.497109009
-593.5	0	0.581291075
-593	0	0.659659183
-592.5	0	0.731429513
-592	0	0.795884232
-591.5	0	0.852378676
-591	0	0.9003478
-590.5	0	0.939311825
-590	0	0.968881042
-589.5	0	0.988759705
-589	0	0.998748993
-588.5	0	0.998748993
-588	0	0.988759705
-587.5	0	0.968881042
-587	0	0.939311825
-586.5	0	0.9003478
-586	0	0.852378676
-585.5	0	0.795884232
-585	0	0.731429513
-584.5	0	0.659659183
-584	0	0.581291075
-583.5	0	0.497109009
-583	0	0.407954959
-582.5	0	0.314720626
-582	0	0.218338519
-581.5	0	0.119772635
-581	0	0.020008809
-580.5	0	-0.079955141
-580	0	-0.179119396
-579.5	0	-0.276492135
-579	0	-0.371099455
-578.5	0	-0.461995112
-578	0	-0.548269987
-577.5	0	-0.629061176
-577	0	-0.703560621
-576.5	0	-0.771023194
-576	0	-0.830774147
-575.5	0	-0.882215864
-575	0	-0.924833835
-574.5	0	-0.958201804
-574	0	-0.98198603
-573.5	0	-0.995948629
-573	0	-0.99994995
-572.5	0	-0.993949971
-572	0	-0.978008705
-571.5	0	-0.952285592
-571	0	-0.917037909
-570.5	0	-0.872618197
-570	0	-0.819470733
-569.5	0	-0.758127087
-569	0	-0.689200806
-568.5	0	-0.613381277
-568	0	-0.531426831
-567.5	0	-0.444157161
-567	0	-0.35244512
-566.5	0	-0.257207993
-566	0	-0.159398324
-565.5	0	-0.059994385
-565	0	0.040009607
-564.5	0	0.13961343
-564	0	0.237820867
-563.5	0	0.333649668
-563	0	0.426141372
-562.5	0	0.514370895
-562	0	0.597455784
-561.5	0	0.67456504
-561	0	0.744927432
-560.5	0	0.807839209
-560	0	0.86267114
-559.5	0	0.908874808
-559	0	0.945988092
-558.5	0	0.973639793
-558	0	0.991553344
-557.5	0	0.999549577
-557	0	0.997548516
-556.5	0	0.985570175
-556	0	0.963734359
-555.5	0	0.932259465
-555	0	0.891460299
-554.5	0	0.841744926
-554	0	0.783610589
-553.5	0	0.717638736
-553	0	0.644489204
-552.5	0	0.564893621
-552	0	0.479648084
-551.5	0	0.389605204
-551	0	0.295665571
-550.5	0	0.198768751
-550	0	0.099883885
-549.5	0	-7.83898E-15
-549	0	-0.099883885
-548.5	0	-0.198768751
-548	0	-0.295665571
-547.5	0	-0.389605204
-547	0	-0.479648084
-546.5	0	-0.564893621
-546	0	-0.644489204
-545.5	0	-0.717638736
-545	0	-0.783610589
-544.5	0	-0.841744926
-544	0	-0.891460299
-543.5	0	-0.932259465
-543	0	-0.963734359
-542.5	0	-0.985570175
-542	0	-0.997548516
-541.5	0	-0.999549577
-541	0	-0.991553344
-540.5	0	-0.973639793
-540	0	-0.945988092
-539.5	0	-0.908874808
-539	0	-0.86267114
-538.5	0	-0.807839209
-538	0	-0.744927432
-537.5	0	-0.67456504
-537	0	-0.597455784
-536.5	0	-0.514370895
-536	0	-0.426141372
-535.5	0	-0.333649668
-535	0	-0.237820867
-534.5	0	-0.13961343
-534	0	-0.040009607
-533.5	0	0.059994385
-533	0	0.159398324
-532.5	0	0.257207993
-532	0	0.35244512
-531.5	0	0.444157161
-531	0	0.531426831
-530.5	0	0.613381277
-530	0	0.689200806
-529.5	0	0.758127087
-529	0	0.819470733
-528.5	0	0.872618197
-528	0	0.917037909
-527.5	0	0.952285592
-527	0	0.978008705
-526.5	0	0.993949971
-526	0	0.99994995
-525.5	0	0.995948629
-525	0	0.98198603
-524.5	0	0.958201804
-524	0	0.924833835
-523.5	0	0.882215864
-523	0	0.830774147
-522.5	0	0.771023194
-522	0	0.703560621
-521.5	0	0.629061176
-521	0	0.548269987
-520.5	0	0.461995112
-520	0	0.371099455
-519.5	0	0.276492135
-519	0	0.179119396
-518.5	0	0.079955141
-518	0	-0.020008809
-517.5	0	-0.119772635
-517	0	-0.218338519
-516.5	0	-0.314720626
-516	0	-0.407954959
-515.5	0	-0.497109009
-515	0	-0.581291075
-514.5	0	-0.659659183
-514	0	-0.731429513
-513.5	0	-0.795884232
-513	0	-0.852378676
-512.5	0	-0.9003478
-512	0	-0.939311825
-511.5	0	-0.968881042
-511	0	-0.988759705
-510.5	0	-0.998748993
-510	0	-0.998748993
-509.5	0	-0.988759705
-509	0	-0.968881042
-508.5	0	-0.939311825
-508	0	-0.9003478
-507.5	0	-0.852378676
-507	0	-0.795884232
-506.5	0	-0.731429513
-506	0	-0.659659183
-505.5	0	-0.581291075
-505	0	-0.497109009
-504.5	0	-0.407954959
-504	0	-0.314720626
-503.5	0	-0.218338519
-503	0	-0.119772635
-502.5	0	-0.020008809
-502	0	0.079955141
-501.5	0	0.179119396
-501	0	0.276492135
-500.5	0	0.371099455
-500	0	0.461995112
-499.5	0	0.548269987
-499	0	0.629061176
-498.5	0	0.703560621
-498	0	0.771023194
-497.5	0	0.830774147
-497	0	0.882215864
-496.5	0	0.924833835
-496	0	0.958201804
-495.5	0	0.98198603
-495	0	0.995948629
-494.5	0	0.99994995
-494	0	0.993949971
-493.5	0	0.978008705
-493	0	0.952285592
-492.5	0	0.917037909
-492	0	0.872618197
-491.5	0	0.819470733
-491	0	0.758127087
-490.5	0	0.689200806
-490	0	0.613381277
-489.5	0	0.531426831
-489	0	0.444157161
-488.5	0	0.35244512
-488	0	0.257207993
-487.5	0	0.159398324
-487	0	0.059994385
-486.5	0	-0.040009607
-486	0	-0.13961343
-485.5	0	-0.237820867
-485	0	-0.333649668
-484.5	0	-0.426141372
-484	0	-0.514370895
-483.5	0	-0.597455784
-483	0	-0.67456504
-482.5	0	-0.744927432
-482	0	-0.807839209
-481.5	0	-0.86267114
-481	0	-0.908874808
-480.5	0	-0.945988092
-480	0	-0.973639793
-479.5	0	-0.991553344
-479	0	-0.999549577
-478.5	0	-0.997548516
-478	0	-0.985570175
-477.5	0	-0.963734359
-477	0	-0.932259465
-476.5	0	-0.891460299
-476	0	-0.841744926
-475.5	0	-0.783610589
-475	0	-0.717638736
-474.5	0	-0.644489204
-474	0	-0.564893621
-473.5	0	-0.479648084
-473	0	-0.389605204
-472.5	0	-0.295665571
-472	0	-0.198768751
-471.5	0	-0.099883885
-471	0	1.07794E-14
-470.5	0	0.099883885
-470	0	0.198768751
-469.5	0	0.295665571
-469	0	0.389605204
-468.5	0	0.479648084
-468	0	0.564893621
-467.5	0	0.644489204
-467	0	0.717638736
-466.5	0	0.783610589
-466	0	0.841744926
-465.5	0	0.891460299
-465	0	0.932259465
-464.5	0	0.963734359
-464	0	0.985570175
-463.5	0	0.997548516
-463	0	0.999549577
-462.5	0	0.991553344
-462	0	0.973639793
-461.5	0	0.945988092
-461	0	0.908874808
-460.5	0	0.86267114
-460	0	0.807839209
-459.5	0	0.744927432
-459	0	0.67456504
-458.5	0	0.597455784
-458	0	0.514370895
-457.5	0	0.426141372
-457	0	0.333649668
-456.5	0	0.237820867
-456	0	0.13961343
-455.5	0	0.040009607
-455	0	-0.059994385
-454.5	0	-0.159398324
-454	0	-0.257207993
-453.5	0	-0.35244512
-453	0	-0.444157161
-452.5	0	-0.531426831
-452	0	-0.613381277
-451.5	0	-0.689200806
-451	0	-0.758127087
-450.5	0	-0.819470733
-450	0	-0.872618197
-449.5	0	-0.917037909
-449	0	-0.952285592
-448.5	0	-0.978008705
-448	0	-0.993949971
-447.5	0	-0.99994995
-447	0	-0.995948629
-446.5	0	-0.98198603
-446	0	-0.958201804
-445.5	0	-0.924833835
-445	0	-0.882215864
-444.5	0	-0.830774147
-444	0	-0.771023194
-443.5	0	-0.703560621
-443	0	-0.629061176
-442.5	0	-0.548269987
-442	0	-0.461995112
-441.5	0	-0.371099455
-441	0	-0.276492135
-440.5	0	-0.179119396
-440	0	-0.079955141
-439.5	0	0.020008809
-439	0	0.119772635
-438.5	0	0.218338519
-438	0	0.314720626
-437.5	0	0.407954959
-437	0	0.497109009
-436.5	0	0.581291075
-436	0	0.659659183
-435.5	0	0.731429513
-435	0	0.795884232
-434.5	0	0.852378676
-434	0	0.9003478
-433.5	0	0.939311825
-433	0	0.968881042
-432.5	0	0.988759705
-432	0	0.998748993
-431.5	0	0.998748993
-431	0	0.988759705
-430.5	0	0.968881042
-430	0	0.939311825
-429.5	0	0.9003478
-429	0	0.852378676
-428.5	0	0.795884232
-428	0	0.731429513
-427.5	0	0.659659183
-427	0	0.581291075
-426.5	0	0.497109009
-426	0	0.407954959
-425.5	0	0.314720626
-425	0	0.218338519
-424.5	0	0.119772635
-424	0	0.020008809
-423.5	0	-0.079955141
-423	0	-0.179119396
-422.5	0	-0.276492135
-422	0	-0.371099455
-421.5	0	-0.461995112
-421	0	-0.548269987
-420.5	0	-0.629061176
-420	0	-0.703560621
-419.5	0	-0.771023194
-419	0	-0.830774147
-418.5	0	-0.882215864
-418	0	-0.924833835
-417.5	0	-0.958201804
-417	0	-0.98198603
-416.5	0	-0.995948629
-416	0	-0.99994995
-415.5	0	-0.993949971
-415	0	-0.978008705
-414.5	0	-0.952285592
-414	0	-0.917037909
-413.5	0	-0.872618197
-413	0	-0.819470733
-412.5	0	-0.758127087
-412	0	-0.689200806
-411.5	0	-0.613381277
-411	0	-0.531426831
-410.5	0	-0.444157161
-410	0	-0.35244512
-409.5	0	-0.257207993
-409	0	-0.159398324
-408.5	0	-0.059994385
-408	0	0.040009607
-407.5	0	0.13961343
-407	0	0.237820867
-406.5	0	0.333649668
-406	0	0.426141372
-405.5	0	0.514370895
-405	0	0.597455784
-404.5	0	0.67456504
-404	0	0.744927432
-403.5	0	0.807839209
-403	0	0.86267114
-402.5	0	0.908874808
-402	0	0.945988092
-401.5	0	0.973639793
-401	0	0.991553344
-400.5	0	0.999549577
-400	0	0.997548516
-399.5	0	0.985570175
-399	0	0.963734359
-398.5	0	0.932259465
-398	0	0.891460299
-397.5	0	0.841744926
-397	0	0.783610589
-396.5	0	0.717638736
-396	0	0.644489204
-395.5	0	0.564893621
-395	0	0.479648084
-394.5	0	0.389605204
-394	0	0.295665571
-393.5	0	0.198768751
-393	0	0.099883885
-392.5	0	4.91097E-16
-392	0	-0.099883885
-391.5	0	-0.198768751
-391	0	-0.295665571
-390.5	0	-0.389605204
-390	0	-0.479648084
-389.5	0	-0.564893621
-389	0	-0.644489204
-388.5	0	-0.717638736
-388	0	-0.783610589
-387.5	0	-0.841744926
-387	0	-0.891460299
-386.5	0	-0.932259465
-386	0	-0.963734359
-385.5	0	-0.985570175
-385	0	-0.997548516
-384.5	0	-0.999549577
-384	0	-0.991553344
-383.5	0	-0.973639793
-383	0	-0.945988092
-382.5	0	-0.908874808
-382	0	-0.86267114
-381.5	0	-0.807839209
-381	0	-0.744927432
-380.5	0	-0.67456504
-380	0	-0.597455784
-379.5	0	-0.514370895
-379	0	-0.426141372
-378.5	0	-0.333649668
-378	0	-0.237820867
-377.5	0	-0.13961343
-377	0	-0.040009607
-376.5	0	0.059994385
-376	0	0.159398324
-375.5	0	0.257207993
-375	0	0.35244512
-374.5	0	0.444157161
-374	0	0.531426831
-373.5	0	0.613381277
-373	0	0.689200806
-372.5	0	0.758127087
-372	0	0.819470733
-371.5	0	0.872618197
-371	0	0.917037909
-370.5	0	0.952285592
-370	0	0.978008705
-369.5	0	0.993949971
-369	0	0.99994995
-368.5	0	0.995948629
-368	0	0.98198603
-367.5	0	0.958201804
-367	0	0.924833835
-366.5	0	0.882215864
-366	0	0.830774147
-365.5	0	0.771023194
-365	0	0.703560621
-364.5	0	0.629061176
-364	0	0.548269987
-363.5	0	0.461995112
-363	0	0.371099455
-362.5	0	0.276492135
-362	0	0.179119396
-361.5	0	0.079955141
-361	0	-0.020008809
-360.5	0	-0.119772635
-360	0	-0.218338519
-359.5	0	-0.314720626
-359	0	-0.407954959
-358.5	0	-0.497109009
-358	0	-0.581291075
-357.5	0	-0.659659183
-357	0	-0.731429513
-356.5	0	-0.795884232
-356	0	-0.852378676
-355.5	0	-0.9003478
-355	0	-0.939311825
-354.5	0	-0.968881042
-354	0	-0.988759705
-353.5	0	-0.998748993
-353	0	-0.998748993
-352.5	0	-0.988759705
-352	0	-0.968881042
-351.5	0	-0.939311825
-351	0	-0.9003478
-350.5	0	-0.852378676
-350	0	-0.795884232
-349.5	0	-0.731429513
-349	0	-0.659659183
-348.5	0	-0.581291075
-348	0	-0.497109009
-347.5	0	-0.407954959
-347	0	-0.314720626
-346.5	0	-0.218338519
-346	0	-0.119772635
-345.5	0	-0.020008809
-345	0	0.079955141
-344.5	0	0.179119396
-344	0	0.276492135
-343.5	0	0.371099455
-343	0	0.461995112
-342.5	0	0.548269987
-342	0	0.629061176
-341.5	0	0.703560621
-341	0	0.771023194
-340.5	0	0.830774147
-340	0	0.882215864
-339.5	0	0.924833835
-339	0	0.958201804
-338.5	0	0.98198603
-338	0	0.995948629
-337.5	0	0.99994995
-337	0	0.993949971
-336.5	0	0.978008705
-336	0	0.952285592
-335.5	0	0.917037909
-335	0	0.872618197
-334.5	0	0.819470733
-334	0	0.758127087
-333.5	0	0.689200806
-333	0	0.613381277
-332.5	0	0.531426831
-332	0	0.444157161
-331.5	0	0.35244512
-331	0	0.257207993
-330.5	0	0.159398324
-330	0	0.059994385
-329.5	0	-0.040009607
-329	0	-0.13961343
-328.5	0	-0.237820867
-328	0	-0.333649668
-327.5	0	-0.426141372
-327	0	-0.514370895
-326.5	0	-0.597455784
-326	0	-0.67456504
-325.5	0	-0.744927432
-325	0	-0.807839209
-324.5	0	-0.86267114
-324	0	-0.908874808
-323.5	0	-0.945988092
-323	0	-0.973639793
-322.5	0	-0.991553344
-322	0	-0.999549577
-321.5	0	-0.997548516
-321	0	-0.985570175
-320.5	0	-0.963734359
-320	0	-0.932259465
-319.5	0	-0.891460299
-319	0	-0.841744926
-318.5	0	-0.783610589
-318	0	-0.717638736
-317.5	0	-0.644489204
-317	0	-0.564893621
-316.5	0	-0.479648084
-316	0	-0.389605204
-315.5	0	-0.295665571
-315	0	-0.198768751
-314.5	0	-0.099883885
-314	0	2.44929E-15
-313.5	0	0.099883885
-313	0	0.198768751
-312.5	0	0.295665571
-312	0	0.389605204
-311.5	0	0.479648084
-311	0	0.564893621
-310.5	0	0.644489204
-310	0	0.717638736
-309.5	0	0.783610589
-309	0	0.841744926
-308.5	0	0.891460299
-308	0	0.932259465
-307.5	0	0.963734359
-307	0	0.985570175
-306.5	0	0.997548516
-306	0	0.999549577
-305.5	0	0.991553344
-305	0	0.973639793
-304.5	0	0.945988092
-304	0	0.908874808
-303.5	0	0.86267114
-303	0	0.807839209
-302.5	0	0.744927432
-302	0	0.67456504
-301.5	0	0.597455784
-301	0	0.514370895
-300.5	0	0.426141372
-300	0	0.333649668
-299.5	0	0.237820867
-299	0	0.13961343
-298.5	0	0.040009607
-298	0	-0.059994385
-297.5	0	-0.159398324
-297	0	-0.257207993
-296.5	0	-0.35244512
-296	0	-0.444157161
-295.5	0	-0.531426831
-295	0	-0.613381277
-294.5	0	-0.689200806
-294	0	-0.758127087
-293.5	0	-0.819470733
-293	0	-0.872618197
-292.5	0	-0.917037909
-292	0	-0.952285592
-291.5	0	-0.978008705
-291	0	-0.993949971
-290.5	0	-0.99994995
-290	0	-0.995948629
-289.5	0	-0.98198603
-289	0	-0.958201804
-288.5	0	-0.924833835
-288	0	-0.882215864
-287.5	0	-0.830774147
-287	0	-0.771023194
-286.5	0	-0.703560621
-286	0	-0.629061176
-285.5	0	-0.548269987
-285	0	-0.461995112
-284.5	0	-0.371099455
-284	0	-0.276492135
-283.5	0	-0.179119396
-283	0	-0.079955141
-282.5	0	0.020008809
-282	0	0.119772635
-281.5	0	0.218338519
-281	0	0.314720626
-280.5	0	0.407954959
-280	0	0.497109009
-279.5	0	0.581291075
-279	0	0.659659183
-278.5	0	0.731429513
-278	0	0.795884232
-277.5	0	0.852378676
-277	0	0.9003478
-276.5	0	0.939311825
-276	0	0.968881042
-275.5	0	0.988759705
-275	0	0.998748993
-274.5	0	0.998748993
-274	0	0.988759705
-273.5	0	0.968881042
-273	0	0.939311825
-272.5	0	0.9003478
-272	0	0.852378676
-271.5	0	0.795884232
-271	0	0.731429513
-270.5	0	0.659659183
-270	0	0.581291075
-269.5	0	0.497109009
-269	0	0.407954959
-268.5	0	0.314720626
-268	0	0.218338519
-267.5	0	0.119772635
-267	0	0.020008809
-266.5	0	-0.079955141
-266	0	-0.179119396
-265.5	0	-0.276492135
-265	0	-0.371099455
-264.5	0	-0.461995112
-264	0	-0.548269987
-263.5	0	-0.629061176
-263	0	-0.703560621
-262.5	0	-0.771023194
-262	0	-0.830774147
-261.5	0	-0.882215864
-261	0	-0.924833835
-260.5	0	-0.958201804
-260	0	-0.98198603
-259.5	0	-0.995948629
-259	0	-0.99994995
-258.5	0	-0.993949971
-258	0	-0.978008705
-257.5	0	-0.952285592
-257	0	-0.917037909
-256.5	0	-0.872618197
-256	0	-0.819470733
-255.5	0	-0.758127087
-255	0	-0.689200806
-254.5	0	-0.613381277
-254	0	-0.531426831
-253.5	0	-0.444157161
-253	0	-0.35244512
-252.5	0	-0.257207993
-252	0	-0.159398324
-251.5	0	-0.059994385
-251	0	0.040009607
-250.5	0	0.13961343
-250	0	0.237820867
-249.5	0	0.333649668
-249	0	0.426141372
-248.5	0	0.514370895
-248	0	0.597455784
-247.5	0	0.67456504
-247	0	0.744927432
-246.5	0	0.807839209
-246	0	0.86267114
-245.5	0	0.908874808
-245	0	0.945988092
-244.5	0	0.973639793
-244	0	0.991553344
-243.5	0	0.999549577
-243	0	0.997548516
-242.5	0	0.985570175
-242	0	0.963734359
-241.5	0	0.932259465
-241	0	0.891460299
-240.5	0	0.841744926
-240	0	0.783610589
-239.5	0	0.717638736
-239	0	0.644489204
-238.5	0	0.564893621
-238	0	0.479648084
-237.5	0	0.389605204
-237	0	0.295665571
-236.5	0	0.198768751
-236	0	0.099883885
-235.5	0	-5.38968E-15
-235	0	-0.099883885
-234.5	0	-0.198768751
-234	0	-0.295665571
-233.5	0	-0.389605204
-233	0	-0.479648084
-232.5	0	-0.564893621
-232	0	-0.644489204
-231.5	0	-0.717638736
-231	0	-0.783610589
-230.5	0	-0.841744926
-230	0	-0.891460299
-229.5	0	-0.932259465
-229	0	-0.963734359
-228.5	0	-0.985570175
-228	0	-0.997548516
-227.5	0	-0.999549577
-227	0	-0.991553344
-226.5	0	-0.973639793
-226	0	-0.945988092
-225.5	0	-0.908874808
-225	0	-0.86267114
-224.5	0	-0.807839209
-224	0	-0.744927432
-223.5	0	-0.67456504
-223	0	-0.597455784
-222.5	0	-0.514370895
-222	0	-0.426141372
-221.5	0	-0.333649668
-221	0	-0.237820867
-220.5	0	-0.13961343
-220	0	-0.040009607
-219.5	0	0.059994385
-219	0	0.159398324
-218.5	0	0.257207993
-218	0	0.35244512
-217.5	0	0.444157161
-217	0	0.531426831
-216.5	0	0.613381277
-216	0	0.689200806
-215.5	0	0.758127087
-215	0	0.819470733
-214.5	0	0.872618197
-214	0	0.917037909
-213.5	0	0.952285592
-213	0	0.978008705
-212.5	0	0.993949971
-212	0	0.99994995
-211.5	0	0.995948629
-211	0	0.98198603
-210.5	0	0.958201804
-210	0	0.924833835
-209.5	0	0.882215864
-209	0	0.830774147
-208.5	0	0.771023194
-208	0	0.703560621
-207.5	0	0.629061176
-207	0	0.548269987
-206.5	0	0.461995112
-206	0	0.371099455
-205.5	0	0.276492135
-205	0	0.179119396
-204.5	0	0.079955141
-204	0	-0.020008809
-203.5	0	-0.119772635
-203	0	-0.218338519
-202.5	0	-0.314720626
-202	0	-0.407954959
-201.5	0	-0.497109009
-201	0	-0.581291075
-200.5	0	-0.659659183
-200	0	-0.731429513
-199.5	0	-0.795884232
-199	0	-0.852378676
-198.5	0	-0.9003478
-198	0	-0.939311825
-197.5	0	-0.968881042
-197	0	-0.988759705
-196.5	0	-0.998748993
-196	0	-0.998748993
-195.5	0	-0.988759705
-195	0	-0.968881042
-194.5	0	-0.939311825
-194	0	-0.9003478
-193.5	0	-0.852378676
-193	0	-0.795884232
-192.5	0	-0.731429513
-192	0	-0.659659183
-191.5	0	-0.581291075
-191	0	-0.497109009
-190.5	0	-0.407954959
-190	0	-0.314720626
-189.5	0	-0.218338519
-189	0	-0.119772635
-188.5	0	-0.020008809
-188	0	0.079955141
-187.5	0	0.179119396
-187	0	0.276492135
-186.5	0	0.371099455
-186	0	0.461995112
-185.5	0	0.548269987
-185	0	0.629061176
-184.5	0	0.703560621
-184	0	0.771023194
-183.5	0	0.830774147
-183	0	0.882215864
-182.5	0	0.924833835
-182	0	0.958201804
-181.5	0	0.98198603
-181	0	0.995948629
-180.5	0	0.99994995
-180	0	0.993949971
-179.5	0	0.978008705
-179	0	0.952285592
-178.5	0	0.917037909
-178	0	0.872618197
-177.5	0	0.819470733
-177	0	0.758127087
-176.5	0	0.689200806
-176	0	0.613381277
-175.5	0	0.531426831
-175	0	0.444157161
-174.5	0	0.35244512
-174	0	0.257207993
-173.5	0	0.159398324
-173	0	0.059994385
-172.5	0	-0.040009607
-172	0	-0.13961343
-171.5	0	-0.237820867
-171	0	-0.333649668
-170.5	0	-0.426141372
-170	0	-0.514370895
-169.5	0	-0.597455784
-169	0	-0.67456504
-168.5	0	-0.744927432
-168	0	-0.807839209
-167.5	0	-0.86267114
-167	0	-0.908874808
-166.5	0	-0.945988092
-166	0	-0.973639793
-165.5	0	-0.991553344
-165	0	-0.999549577
-164.5	0	-0.997548516
-164	0	-0.985570175
-163.5	0	-0.963734359
-163	0	-0.932259465
-162.5	0	-0.891460299
-162	0	-0.841744926
-161.5	0	-0.783610589
-161	0	-0.717638736
-160.5	0	-0.644489204
-160	0	-0.564893621
-159.5	0	-0.479648084
-159	0	-0.389605204
-158.5	0	-0.295665571
-158	0	-0.198768751
-157.5	0	-0.099883885
-157	0	1.22465E-15
-156.5	0	0.099883885
-156	0	0.198768751
-155.5	0	0.295665571
-155	0	0.389605204
-154.5	0	0.479648084
-154	0	0.564893621
-153.5	0	0.644489204
-153	0	0.717638736
-152.5	0	0.783610589
-152	0	0.841744926
-151.5	0	0.891460299
-151	0	0.932259465
-150.5	0	0.963734359
-150	0	0.985570175
-149.5	0	0.997548516
-149	0	0.999549577
-148.5	0	0.991553344
-148	0	0.973639793
-147.5	0	0.945988092
-147	0	0.908874808
-146.5	0	0.86267114
-146	0	0.807839209
-145.5	0	0.744927432
-145	0	0.67456504
-144.5	0	0.597455784
-144	0	0.514370895
-143.5	0	0.426141372
-143	0	0.333649668
-142.5	0	0.237820867
-142	0	0.13961343
-141.5	0	0.040009607
-141	0	-0.059994385
-140.5	0	-0.159398324
-140	0	-0.257207993
-139.5	0	-0.35244512
-139	0	-0.444157161
-138.5	0	-0.531426831
-138	0	-0.613381277
-137.5	0	-0.689200806
-137	0	-0.758127087
-136.5	0	-0.819470733
-136	0	-0.872618197
-135.5	0	-0.917037909
-135	0	-0.952285592
-134.5	0	-0.978008705
-134	0	-0.993949971
-133.5	0	-0.99994995
-133	0	-0.995948629
-132.5	0	-0.98198603
-132	0	-0.958201804
-131.5	0	-0.924833835
-131	0	-0.882215864
-130.5	0	-0.830774147
-130	0	-0.771023194
-129.5	0	-0.703560621
-129	0	-0.629061176
-128.5	0	-0.548269987
-128	0	-0.461995112
-127.5	0	-0.371099455
-127	0	-0.276492135
-126.5	0	-0.179119396
-126	0	-0.079955141
-125.5	0	0.020008809
-125	0	0.119772635
-124.5	0	0.218338519
-124	0	0.314720626
-123.5	0	0.407954959
-123	0	0.497109009
-122.5	0	0.581291075
-122	0	0.659659183
-121.5	0	0.731429513
-121	0	0.795884232
-120.5	0	0.852378676
-120	0	0.9003478
-119.5	0	0.939311825
-119	0	0.968881042
-118.5	0	0.988759705
-118	0	0.998748993
-117.5	0	0.998748993
-117	0	0.988759705
-116.5	0	0.968881042
-116	0	0.939311825
-115.5	0	0.9003478
-115	0	0.852378676
-114.5	0	0.795884232
-114	0	0.731429513
-113.5	0	0.659659183
-113	0	0.581291075
-112.5	0	0.497109009
-112	0	0.407954959
-111.5	0	0.314720626
-111	0	0.218338519
-110.5	0	0.119772635
-110	0	0.020008809
-109.5	0	-0.079955141
-109	0	-0.179119396
-108.5	0	-0.276492135
-108	0	-0.371099455
-107.5	0	-0.461995112
-107	0	-0.548269987
-106.5	0	-0.629061176
-106	0	-0.703560621
-105.5	0	-0.771023194
-105	0	-0.830774147
-104.5	0	-0.882215864
-104	0	-0.924833835
-103.5	0	-0.958201804
-103	0	-0.98198603
-102.5	0	-0.995948629
-102	0	-0.99994995
-101.5	0	-0.993949971
-101	0	-0.978008705
-100.5	0	-0.952285592
-100	0	-0.917037909
-99.5	0	-0.872618197
-99	0	-0.819470733
-98.5	0	-0.758127087
-98	0	-0.689200806
-97.5	0	-0.613381277
-97	0	-0.531426831
-96.5	0	-0.444157161
-96	0	-0.35244512
-95.5	0	-0.257207993
-95	0	-0.159398324
-94.5	0	-0.059994385
-94	0	0.040009607
-93.5	0	0.13961343
-93	0	0.237820867
-92.5	0	0.333649668
-92	0	0.426141372
-91.5	0	0.514370895
-91	0	0.597455784
-90.5	0	0.67456504
-90	0	0.744927432
-89.5	0	0.807839209
-89	0	0.86267114
-88.5	0	0.908874808
-88	0	0.945988092
-87.5	0	0.973639793
-87	0	0.991553344
-86.5	0	0.999549577
-86	0	0.997548516
-85.5	0	0.985570175
-85	0	0.963734359
-84.5	0	0.932259465
-84	0	0.891460299
-83.5	0	0.841744926
-83	0	0.783610589
-82.5	0	0.717638736
-82	0	0.644489204
-81.5	0	0.564893621
-81	0	0.479648084
-80.5	0	0.389605204
-80	0	0.295665571
-79.5	0	0.198768751
-79	0	0.099883885
-78.5	0	-6.12323E-16
-78	0	-0.099883885
-77.5	0	-0.198768751
-77	0	-0.295665571
-76.5	0	-0.389605204
-76	0	-0.479648084
-75.5	0	-0.564893621
-75	0	-0.644489204
-74.5	0	-0.717638736
-74	0	-0.783610589
-73.5	0	-0.841744926
-73	0	-0.891460299
-72.5	0	-0.932259465
-72	0	-0.963734359
-71.5	0	-0.985570175
-71	0	-0.997548516
-70.5	0	-0.999549577
-70	0	-0.991553344
-69.5	0	-0.973639793
-69	0	-0.945988092
-68.5	0	-0.908874808
-68	0	-0.86267114
-67.5	0	-0.807839209
-67	0	-0.744927432
-66.5	0	-0.67456504
-66	0	-0.597455784
-65.5	0	-0.514370895
-65	0	-0.426141372
-64.5	0	-0.333649668
-64	0	-0.237820867
-63.5	0	-0.13961343
-63	0	-0.040009607
-62.5	0	0.059994385
-62	0	0.159398324
-61.5	0	0.257207993
-61	0	0.35244512
-60.5	0	0.444157161
-60	0	0.531426831
-59.5	0	0.613381277
-59	0	0.689200806
-58.5	0	0.758127087
-58	0	0.819470733
-57.5	0	0.872618197
-57	0	0.917037909
-56.5	0	0.952285592
-56	0	0.978008705
-55.5	0	0.993949971
-55	0	0.99994995
-54.5	0	0.995948629
-54	0	0.98198603
-53.5	0	0.958201804
-53	0	0.924833835
-52.5	0	0.882215864
-52	0	0.830774147
-51.5	0	0.771023194
-51	0	0.703560621
-50.5	0	0.629061176
-50	0	0.548269987
-49.5	0	0.461995112
-49	0	0.371099455
-48.5	0	0.276492135
-48	0	0.179119396
-47.5	0	0.079955141
-47	0	-0.020008809
-46.5	0	-0.119772635
-46	0	-0.218338519
-45.5	0	-0.314720626
-45	0	-0.407954959
-44.5	0	-0.497109009
-44	0	-0.581291075
-43.5	0	-0.659659183
-43	0	-0.731429513
-42.5	0	-0.795884232
-42	0	-0.852378676
-41.5	0	-0.9003478
-41	0	-0.939311825
-40.5	0	-0.968881042
-40	0	-0.988759705
-39.5	0	-0.998748993
-39	0	-0.998748993
-38.5	0	-0.988759705
-38	0	-0.968881042
-37.5	0	-0.939311825
-37	0	-0.9003478
-36.5	0	-0.852378676
-36	0	-0.795884232
-35.5	0	-0.731429513
-35	0	-0.659659183
-34.5	0	-0.581291075
-34	0	-0.497109009
-33.5	0	-0.407954959
-33	0	-0.314720626
-32.5	0	-0.218338519
-32	0	-0.119772635
-31.5	0	-0.020008809
-31	0	0.079955141
-30.5	0	0.179119396
-30	0	0.276492135
-29.5	0	0.371099455
-29	0	0.461995112
-28.5	0	0.548269987
-28	0	0.629061176
-27.5	0	0.703560621
-27	0	0.771023194
-26.5	0	0.830774147
-26	0	0.882215864
-25.5	0	0.924833835
-25	0	0.958201804
-24.5	0	0.98198603
-24	0	0.995948629
-23.5	0	0.99994995
-23	0	0.993949971
-22.5	0	0.978008705
-22	0	0.952285592
-21.5	0	0.917037909
-21	0	0.872618197
-20.5	0	0.819470733
-20	0	0.758127087
-19.5	0	0.689200806
-19	0	0.613381277
-18.5	0	0.531426831
-18	0	0.444157161
-17.5	0	0.35244512
-17	0	0.257207993
-16.5	0	0.159398324
-16	0	0.059994385
-15.5	0	-0.040009607
-15	0	-0.13961343
-14.5	0	-0.237820867
-14	0	-0.333649668
-13.5	0	-0.426141372
-13	0	-0.514370895
-12.5	0	-0.597455784
-12	0	-0.67456504
-11.5	0	-0.744927432
-11	0	-0.807839209
-10.5	0	-0.86267114
-10	0	-0.908874808
-9.5	0	-0.945988092
-9	0	-0.973639793
-8.5	0	-0.991553344
-8	0	-0.999549577
-7.5	0	-0.997548516
-7	0	-0.985570175
-6.5	0	-0.963734359
-6	0	-0.932259465
-5.5	0	-0.891460299
-5	0	-0.841744926
-4.5	0	-0.783610589
-4	0	-0.717638736
-3.5	0	-0.644489204
-3	0	-0.564893621
-2.5	0	-0.479648084
-2	0	-0.389605204
-1.5	0	-0.295665571
-1	0	-0.198768751
-0.5	0	-0.099883885
0	0	0
0.5	0	0.099883885
1	0	0.198768751
1.5	0	0.295665571
2	0	0.389605204
2.5	0	0.479648084
3	0	0.564893621
3.5	0	0.644489204
4	0	0.717638736
4.5	0	0.783610589
5	0	0.841744926
5.5	0	0.891460299
6	0	0.932259465
6.5	0	0.963734359
7	0	0.985570175
7.5	0	0.997548516
8	0	0.999549577
8.5	0	0.991553344
9	0	0.973639793
9.5	0	0.945988092
10	0	0.908874808
10.5	0	0.86267114
11	0	0.807839209
11.5	0	0.744927432
12	0	0.67456504
12.5	0	0.597455784
13	0	0.514370895
13.5	0	0.426141372
14	0	0.333649668
14.5	0	0.237820867
15	0	0.13961343
15.5	0	0.040009607
16	0	-0.059994385
16.5	0	-0.159398324
17	0	-0.257207993
17.5	0	-0.35244512
18	0	-0.444157161
18.5	0	-0.531426831
19	0	-0.613381277
19.5	0	-0.689200806
20	0	-0.758127087
20.5	0	-0.819470733
21	0	-0.872618197
21.5	0	-0.917037909
22	0	-0.952285592
22.5	0	-0.978008705
23	0	-0.993949971
23.5	0	-0.99994995
24	0	-0.995948629
24.5	0	-0.98198603
25	0	-0.958201804
25.5	0	-0.924833835
26	0	-0.882215864
26.5	0	-0.830774147
27	0	-0.771023194
27.5	0	-0.703560621
28	0	-0.629061176
28.5	0	-0.548269987
29	0	-0.461995112
29.5	0	-0.371099455
30	0	-0.276492135
30.5	0	-0.179119396
31	0	-0.079955141
31.5	0	0.020008809
32	0	0.119772635
32.5	0	0.218338519
33	0	0.314720626
33.5	0	0.407954959
34	0	0.497109009
34.5	0	0.581291075
35	0	0.659659183
35.5	0	0.731429513
36	0	0.795884232
36.5	0	0.852378676
37	0	0.9003478
37.5	0	0.939311825
38	0	0.968881042
38.5	0	0.988759705
39	0	0.998748993
39.5	0	0.998748993
40	0	0.988759705
40.5	0	0.968881042
41	0	0.939311825
41.5	0	0.9003478
42	0	0.852378676
42.5	0	0.795884232
43	0	0.731429513
43.5	0	0.659659183
44	0	0.581291075
44.5	0	0.497109009
45	0	0.407954959
45.5	0	0.314720626
46	0	0.218338519
46.5	0	0.119772635
47	0	0.020008809
47.5	0	-0.079955141
48	0	-0.179119396
48.5	0	-0.276492135
49	0	-0.371099455
49.5	0	-0.461995112
50	0	-0.548269987
50.5	0	-0.629061176
51	0	-0.703560621
51.5	0	-0.771023194
52	0	-0.830774147
52.5	0	-0.882215864
53	0	-0.924833835
53.5	0	-0.958201804
54	0	-0.98198603
54.5	0	-0.995948629
55	0	-0.99994995
55.5	0	-0.993949971
56	0	-0.978008705
56.5	0	-0.952285592
57	0	-0.917037909
57.5	0	-0.872618197
58	0	-0.819470733
58.5	0	-0.758127087
59	0	-0.689200806
59.5	0	-0.613381277
60	0	-0.531426831
60.5	0	-0.444157161
61	0	-0.35244512
61.5	0	-0.257207993
62	0	-0.159398324
62.5	0	-0.059994385
63	0	0.040009607
63.5	0	0.13961343
64	0	0.237820867
64.5	0	0.333649668
65	0	0.426141372
65.5	0	0.514370895
66	0	0.597455784
66.5	0	0.67456504
67	0	0.744927432
67.5	0	0.807839209
68	0	0.86267114
68.5	0	0.908874808
69	0	0.945988092
69.5	0	0.973639793
70	0	0.991553344
70.5	0	0.999549577
71	0	0.997548516
71.5	0	0.985570175
72	0	0.963734359
72.5	0	0.932259465
73	0	0.891460299
73.5	0	0.841744926
74	0	0.783610589
74.5	0	0.717638736
75	0	0.644489204
75.5	0	0.564893621
76	0	0.479648084
76.5	0	0.389605204
77	0	0.295665571
77.5	0	0.198768751
78	0	0.099883885
78.5	0	6.12323E-16
79	0	-0.099883885
79.5	0	-0.198768751
80	0	-0.295665571
80.5	0	-0.389605204
81	0	-0.479648084
81.5	0	-0.564893621
82	0	-0.644489204
82.5	0	-0.717638736
83	0	-0.783610589
83.5	0	-0.841744926
84	0	-0.891460299
84.5	0	-0.932259465
85	0	-0.963734359
85.5	0	-0.985570175
86	0	-0.997548516
86.5	0	-0.999549577
87	0	-0.991553344
87.5	0	-0.973639793
88	0	-0.945988092
88.5	0	-0.908874808
89	0	-0.86267114
89.5	0	-0.807839209
90	0	-0.744927432
90.5	0	-0.67456504
91	0	-0.597455784
91.5	0	-0.514370895
92	0	-0.426141372
92.5	0	-0.333649668
93	0	-0.237820867
93.5	0	-0.13961343
94	0	-0.040009607
94.5	0	0.059994385
95	0	0.159398324
95.5	0	0.257207993
96	0	0.35244512
96.5	0	0.444157161
97	0	0.531426831
97.5	0	0.613381277
98	0	0.689200806
98.5	0	0.758127087
99	0	0.819470733
99.5	0	0.872618197
100	0	0.917037909
100.5	0	0.952285592
101	0	0.978008705
101.5	0	0.993949971
102	0	0.99994995
102.5	0	0.995948629
103	0	0.98198603
103.5	0	0.958201804
104	0	0.924833835
104.5	0	0.882215864
105	0	0.830774147
105.5	0	0.771023194
106	0	0.703560621
106.5	0	0.629061176
107	0	0.548269987
107.5	0	0.461995112
108	0	0.371099455
108.5	0	0.276492135
109	0	0.179119396
109.5	0	0.079955141
110	0	-0.020008809
110.5	0	-0.119772635
111	0	-0.218338519
111.5	0	-0.314720626
112	0	-0.407954959
112.5	0	-0.497109009
113	0	-0.581291075
113.5	0	-0.659659183
114	0	-0.731429513
114.5	0	-0.795884232
115	0	-0.852378676
115.5	0	-0.9003478
116	0	-0.939311825
116.5	0	-0.968881042
117	0	-0.988759705
117.5	0	-0.998748993
118	0	-0.998748993
118.5	0	-0.988759705
119	0	-0.968881042
119.5	0	-0.939311825
120	0	-0.9003478
120.5	0	-0.852378676
121	0	-0.795884232
121.5	0	-0.731429513
122	0	-0.659659183
122.5	0	-0.581291075
123	0	-0.497109009
123.5	0	-0.407954959
124	0	-0.314720626
124.5	0	-0.218338519
125	0	-0.119772635
125.5	0	-0.020008809
126	0	0.079955141
126.5	0	0.179119396
127	0	0.276492135
127.5	0	0.371099455
128	0	0.461995112
128.5	0	0.548269987
129	0	0.629061176
129.5	0	0.703560621
130	0	0.771023194
130.5	0	0.830774147
131	0	0.882215864
131.5	0	0.924833835
132	0	0.958201804
132.5	0	0.98198603
133	0	0.995948629
133.5	0	0.99994995
134	0	0.993949971
134.5	0	0.978008705
135	0	0.952285592
135.5	0	0.917037909
136	0	0.872618197
136.5	0	0.819470733
137	0	0.758127087
137.5	0	0.689200806
138	0	0.613381277
138.5	0	0.531426831
139	0	0.444157161
139.5	0	0.35244512
140	0	0.257207993
140.5	0	0.159398324
141	0	0.059994385
141.5	0	-0.040009607
142	0	-0.13961343
142.5	0	-0.237820867
143	0	-0.333649668
143.5	0	-0.426141372
144	0	-0.514370895
144.5	0	-0.597455784
145	0	-0.67456504
145.5	0	-0.744927432
146	0	-0.807839209
146.5	0	-0.86267114
147	0	-0.908874808
147.5	0	-0.945988092
148	0	-0.973639793
148.5	0	-0.991553344
149	0	-0.999549577
149.5	0	-0.997548516
150	0	-0.985570175
150.5	0	-0.963734359
151	0	-0.932259465
151.5	0	-0.891460299
152	0	-0.841744926
152.5	0	-0.783610589
153	0	-0.717638736
153.5	0	-0.644489204
154	0	-0.564893621
154.5	0	-0.479648084
155	0	-0.389605204
155.5	0	-0.295665571
156	0	-0.198768751
156.5	0	-0.099883885
157	0	-1.22465E-15
157.5	0	0.099883885
158	0	0.198768751
158.5	0	0.295665571
159	0	0.389605204
159.5	0	0.479648084
160	0	0.564893621
160.5	0	0.644489204
161	0	0.717638736
161.5	0	0.783610589
162	0	0.841744926
162.5	0	0.891460299
163	0	0.932259465
163.5	0	0.963734359
164	0	0.985570175
164.5	0	0.997548516
165	0	0.999549577
165.5	0	0.991553344
166	0	0.973639793
166.5	0	0.945988092
167	0	0.908874808
167.5	0	0.86267114
168	0	0.807839209
168.5	0	0.744927432
169	0	0.67456504
169.5	0	0.597455784
170	0	0.514370895
170.5	0	0.426141372
171	0	0.333649668
171.5	0	0.237820867
172	0	0.13961343
172.5	0	0.040009607
173	0	-0.059994385
173.5	0	-0.159398324
174	0	-0.257207993
174.5	0	-0.35244512
175	0	-0.444157161
175.5	0	-0.531426831
176	0	-0.613381277
176.5	0	-0.689200806
177	0	-0.758127087
177.5	0	-0.819470733
178	0	-0.872618197
178.5	0	-0.917037909
179	0	-0.952285592
179.5	0	-0.978008705
180	0	-0.993949971
180.5	0	-0.99994995
181	0	-0.995948629
181.5	0	-0.98198603
182	0	-0.958201804
182.5	0	-0.924833835
183	0	-0.882215864
183.5	0	-0.830774147
184	0	-0.771023194
184.5	0	-0.703560621
185	0	-0.629061176
185.5	0	-0.548269987
186	0	-0.461995112
186.5	0	-0.371099455
187	0	-0.276492135
187.5	0	-0.179119396
188	0	-0.079955141
188.5	0	0.020008809
189	0	0.119772635
189.5	0	0.218338519
190	0	0.314720626
190.5	0	0.407954959
191	0	0.497109009
191.5	0	0.581291075
192	0	0.659659183
192.5	0	0.731429513
193	0	0.795884232
193.5	0	0.852378676
194	0	0.9003478
194.5	0	0.939311825
195	0	0.968881042
195.5	0	0.988759705
196	0	0.998748993
196.5	0	0.998748993
197	0	0.988759705
197.5	0	0.968881042
198	0	0.939311825
198.5	0	0.9003478
199	0	0.852378676
199.5	0	0.795884232
200	0	0.731429513
200.5	0	0.659659183
201	0	0.581291075
201.5	0	0.497109009
202	0	0.407954959
202.5	0	0.314720626
203	0	0.218338519
203.5	0	0.119772635
204	0	0.020008809
204.5	0	-0.079955141
205	0	-0.179119396
205.5	0	-0.276492135
206	0	-0.371099455
206.5	0	-0.461995112
207	0	-0.548269987
207.5	0	-0.629061176
208	0	-0.703560621
208.5	0	-0.771023194
209	0	-0.830774147
209.5	0	-0.882215864
210	0	-0.924833835
210.5	0	-0.958201804
211	0	-0.98198603
211.5	0	-0.995948629
212	0	-0.99994995
212.5	0	-0.993949971
213	0	-0.978008705
213.5	0	-0.952285592
214	0	-0.917037909
214.5	0	-0.872618197
215	0	-0.819470733
215.5	0	-0.758127087
216	0	-0.689200806
216.5	0	-0.613381277
217	0	-0.531426831
217.5	0	-0.444157161
218	0	-0.35244512
218.5	0	-0.257207993
219	0	-0.159398324
219.5	0	-0.059994385
220	0	0.040009607
220.5	0	0.13961343
221	0	0.237820867
221.5	0	0.333649668
222	0	0.426141372
222.5	0	0.514370895
223	0	0.597455784
223.5	0	0.67456504
224	0	0.744927432
224.5	0	0.807839209
225	0	0.86267114
225.5	0	0.908874808
226	0	0.945988092
226.5	0	0.973639793
227	0	0.991553344
227.5	0	0.999549577
228	0	0.997548516
228.5	0	0.985570175
229	0	0.963734359
229.5	0	0.932259465
230	0	0.891460299
230.5	0	0.841744926
231	0	0.783610589
231.5	0	0.717638736
232	0	0.644489204
232.5	0	0.564893621
233	0	0.479648084
233.5	0	0.389605204
234	0	0.295665571
234.5	0	0.198768751
235	0	0.099883885
235.5	0	5.38968E-15
236	0	-0.099883885
236.5	0	-0.198768751
237	0	-0.295665571
237.5	0	-0.389605204
238	0	-0.479648084
238.5	0	-0.564893621
239	0	-0.644489204
239.5	0	-0.717638736
240	0	-0.783610589
240.5	0	-0.841744926
241	0	-0.891460299
241.5	0	-0.932259465
242	0	-0.963734359
242.5	0	-0.985570175
243	0	-0.997548516
243.5	0	-0.999549577
244	0	-0.991553344
244.5	0	-0.973639793
245	0	-0.945988092
245.5	0	-0.908874808
246	0	-0.86267114
246.5	0	-0.807839209
247	0	-0.744927432
247.5	0	-0.67456504
248	0	-0.597455784
248.5	0	-0.514370895
249	0	-0.426141372
249.5	0	-0.333649668
250	0	-0.237820867
250.5	0	-0.13961343
251	0	-0.040009607
251.5	0	0.059994385
252	0	0.159398324
252.5	0	0.257207993
253	0	0.35244512
253.5	0	0.444157161
254	0	0.531426831
254.5	0	0.613381277
255	0	0.689200806
255.5	0	0.758127087
256	0	0.819470733
256.5	0	0.872618197
257	0	0.917037909
257.5	0	0.952285592
258	0	0.978008705
258.5	0	0.993949971
259	0	0.99994995
259.5	0	0.995948629
260	0	0.98198603
260.5	0	0.958201804
261	0	0.924833835
261.5	0	0.882215864
262	0	0.830774147
262.5	0	0.771023194
263	0	0.703560621
263.5	0	0.629061176
264	0	0.548269987
264.5	0	0.461995112
265	0	0.371099455
265.5	0	0.276492135
266	0	0.179119396
266.5	0	0.079955141
267	0	-0.020008809
267.5	0	-0.119772635
268	0	-0.218338519
268.5	0	-0.314720626
269	0	-0.407954959
269.5	0	-0.497109009
270	0	-0.581291075
270.5	0	-0.659659183
271	0	-0.731429513
271.5	0	-0.795884232
272	0	-0.852378676
272.5	0	-0.9003478
273	0	-0.939311825
273.5	0	-0.968881042
274	0	-0.988759705
274.5	0	-0.998748993
275	0	-0.998748993
275.5	0	-0.988759705
276	0	-0.968881042
276.5	0	-0.939311825
277	0	-0.9003478
277.5	0	-0.852378676
278	0	-0.795884232
278.5	0	-0.731429513
279	0	-0.659659183
279.5	0	-0.581291075
280	0	-0.497109009
280.5	0	-0.407954959
281	0	-0.314720626
281.5	0	-0.218338519
282	0	-0.119772635
282.5	0	-0.020008809
283	0	0.079955141
283.5	0	0.179119396
284	0	0.276492135
284.5	0	0.371099455
285	0	0.461995112
285.5	0	0.548269987
286	0	0.629061176
286.5	0	0.703560621
287	0	0.771023194
287.5	0	0.830774147
288	0	0.882215864
288.5	0	0.924833835
289	0	0.958201804
289.5	0	0.98198603
290	0	0.995948629
290.5	0	0.99994995
291	0	0.993949971
291.5	0	0.978008705
292	0	0.952285592
292.5	0	0.917037909
293	0	0.872618197
293.5	0	0.819470733
294	0	0.758127087
294.5	0	0.689200806
295	0	0.613381277
295.5	0	0.531426831
296	0	0.444157161
296.5	0	0.35244512
297	0	0.257207993
297.5	0	0.159398324
298	0	0.059994385
298.5	0	-0.040009607
299	0	-0.13961343
299.5	0	-0.237820867
300	0	-0.333649668
300.5	0	-0.426141372
301	0	-0.514370895
301.5	0	-0.597455784
302	0	-0.67456504
302.5	0	-0.744927432
303	0	-0.807839209
303.5	0	-0.86267114
304	0	-0.908874808
304.5	0	-0.945988092
305	0	-0.973639793
305.5	0	-0.991553344
306	0	-0.999549577
306.5	0	-0.997548516
307	0	-0.985570175
307.5	0	-0.963734359
308	0	-0.932259465
308.5	0	-0.891460299
309	0	-0.841744926
309.5	0	-0.783610589
310	0	-0.717638736
310.5	0	-0.644489204
311	0	-0.564893621
311.5	0	-0.479648084
312	0	-0.389605204
312.5	0	-0.295665571
313	0	-0.198768751
313.5	0	-0.099883885
314	0	-2.44929E-15
314.5	0	0.099883885
315	0	0.198768751
315.5	0	0.295665571
316	0	0.389605204
316.5	0	0.479648084
317	0	0.564893621
317.5	0	0.644489204
318	0	0.717638736
318.5	0	0.783610589
319	0	0.841744926
319.5	0	0.891460299
320	0	0.932259465
320.5	0	0.963734359
321	0	0.985570175
321.5	0	0.997548516
322	0	0.999549577
322.5	0	0.991553344
323	0	0.973639793
323.5	0	0.945988092
324	0	0.908874808
324.5	0	0.86267114
325	0	0.807839209
325.5	0	0.744927432
326	0	0.67456504
326.5	0	0.597455784
327	0	0.514370895
327.5	0	0.426141372
328	0	0.333649668
328.5	0	0.237820867
329	0	0.13961343
329.5	0	0.040009607
330	0	-0.059994385
330.5	0	-0.159398324
331	0	-0.257207993
331.5	0	-0.35244512
332	0	-0.444157161
332.5	0	-0.531426831
333	0	-0.613381277
333.5	0	-0.689200806
334	0	-0.758127087
334.5	0	-0.819470733
335	0	-0.872618197
335.5	0	-0.917037909
336	0	-0.952285592
336.5	0	-0.978008705
337	0	-0.993949971
337.5	0	-0.99994995
338	0	-0.995948629
338.5	0	-0.98198603
339	0	-0.958201804
339.5	0	-0.924833835
340	0	-0.882215864
340.5	0	-0.830774147
341	0	-0.771023194
341.5	0	-0.703560621
342	0	-0.629061176
342.5	0	-0.548269987
343	0	-0.461995112
343.5	0	-0.371099455
344	0	-0.276492135
344.5	0	-0.179119396
345	0	-0.079955141
345.5	0	0.020008809
346	0	0.119772635
346.5	0	0.218338519
347	0	0.314720626
347.5	0	0.407954959
348	0	0.497109009
348.5	0	0.581291075
349	0	0.659659183
349.5	0	0.731429513
350	0	0.795884232
350.5	0	0.852378676
351	0	0.9003478
351.5	0	0.939311825
352	0	0.968881042
352.5	0	0.988759705
353	0	0.998748993
353.5	0	0.998748993
354	0	0.988759705
354.5	0	0.968881042
355	0	0.939311825
355.5	0	0.9003478
356	0	0.852378676
356.5	0	0.795884232
357	0	0.731429513
357.5	0	0.659659183
358	0	0.581291075
358.5	0	0.497109009
359	0	0.407954959
359.5	0	0.314720626
360	0	0.218338519
360.5	0	0.119772635
361	0	0.020008809
361.5	0	-0.079955141
362	0	-0.179119396
362.5	0	-0.276492135
363	0	-0.371099455
363.5	0	-0.461995112
364	0	-0.548269987
364.5	0	-0.629061176
365	0	-0.703560621
365.5	0	-0.771023194
366	0	-0.830774147
366.5	0	-0.882215864
367	0	-0.924833835
367.5	0	-0.958201804
368	0	-0.98198603
368.5	0	-0.995948629
369	0	-0.99994995
369.5	0	-0.993949971
370	0	-0.978008705
370.5	0	-0.952285592
371	0	-0.917037909
371.5	0	-0.872618197
372	0	-0.819470733
372.5	0	-0.758127087
373	0	-0.689200806
373.5	0	-0.613381277
374	0	-0.531426831
374.5	0	-0.444157161
375	0	-0.35244512
375.5	0	-0.257207993
376	0	-0.159398324
376.5	0	-0.059994385
377	0	0.040009607
377.5	0	0.13961343
378	0	0.237820867
378.5	0	0.333649668
379	0	0.426141372
379.5	0	0.514370895
380	0	0.597455784
380.5	0	0.67456504
381	0	0.744927432
381.5	0	0.807839209
382	0	0.86267114
382.5	0	0.908874808
383	0	0.945988092
383.5	0	0.973639793
384	0	0.991553344
384.5	0	0.999549577
385	0	0.997548516
385.5	0	0.985570175
386	0	0.963734359
386.5	0	0.932259465
387	0	0.891460299
387.5	0	0.841744926
388	0	0.783610589
388.5	0	0.717638736
389	0	0.644489204
389.5	0	0.564893621
390	0	0.479648084
390.5	0	0.389605204
391	0	0.295665571
391.5	0	0.198768751
392	0	0.099883885
392.5	0	-4.91097E-16
393	0	-0.099883885
393.5	0	-0.198768751
394	0	-0.295665571
394.5	0	-0.389605204
395	0	-0.479648084
395.5	0	-0.564893621
396	0	-0.644489204
396.5	0	-0.717638736
397	0	-0.783610589
397.5	0	-0.841744926
398	0	-0.891460299
398.5	0	-0.932259465
399	0	-0.963734359
399.5	0	-0.985570175
400	0	-0.997548516
400.5	0	-0.999549577
401	0	-0.991553344
401.5	0	-0.973639793
402	0	-0.945988092
402.5	0	-0.908874808
403	0	-0.86267114
403.5	0	-0.807839209
404	0	-0.744927432
404.5	0	-0.67456504
405	0	-0.597455784
405.5	0	-0.514370895
406	0	-0.426141372
406.5	0	-0.333649668
407	0	-0.237820867
407.5	0	-0.13961343
408	0	-0.040009607
408.5	0	0.059994385
409	0	0.159398324
409.5	0	0.257207993
410	0	0.35244512
410.5	0	0.444157161
411	0	0.531426831
411.5	0	0.613381277
412	0	0.689200806
412.5	0	0.758127087
413	0	0.819470733
413.5	0	0.872618197
414	0	0.917037909
414.5	0	0.952285592
415	0	0.978008705
415.5	0	0.993949971
416	0	0.99994995
416.5	0	0.995948629
417	0	0.98198603
417.5	0	0.958201804
418	0	0.924833835
418.5	0	0.882215864
419	0	0.830774147
419.5	0	0.771023194
420	0	0.703560621
420.5	0	0.629061176
421	0	0.548269987
421.5	0	0.461995112
422	0	0.371099455
422.5	0	0.276492135
423	0	0.179119396
423.5	0	0.079955141
424	0	-0.020008809
424.5	0	-0.119772635
425	0	-0.218338519
425.5	0	-0.314720626
426	0	-0.407954959
426.5	0	-0.497109009
427	0	-0.581291075
427.5	0	-0.659659183
428	0	-0.731429513
428.5	0	-0.795884232
429	0	-0.852378676
429.5	0	-0.9003478
430	0	-0.939311825
430.5	0	-0.968881042
431	0	-0.988759705
431.5	0	-0.998748993
432	0	-0.998748993
432.5	0	-0.988759705
433	0	-0.968881042
433.5	0	-0.939311825
434	0	-0.9003478
434.5	0	-0.852378676
435	0	-0.795884232
435.5	0	-0.731429513
436	0	-0.659659183
436.5	0	-0.581291075
437	0	-0.497109009
437.5	0	-0.407954959
438	0	-0.314720626
438.5	0	-0.218338519
439	0	-0.119772635
439.5	0	-0.020008809
440	0	0.079955141
440.5	0	0.179119396
441	0	0.276492135
441.5	0	0.371099455
442	0	0.461995112
442.5	0	0.548269987
443	0	0.629061176
443.5	0	0.703560621
444	0	0.771023194
444.5	0	0.830774147
445	0	0.882215864
445.5	0	0.924833835
446	0	0.958201804
446.5	0	0.98198603
447	0	0.995948629
447.5	0	0.99994995
448	0	0.993949971
448.5	0	0.978008705
449	0	0.952285592
449.5	0	0.917037909
450	0	0.872618197
450.5	0	0.819470733
451	0	0.758127087
451.5	0	0.689200806
452	0	0.613381277
452.5	0	0.531426831
453	0	0.444157161
453.5	0	0.35244512
454	0	0.257207993
454.5	0	0.159398324
455	0	0.059994385
455.5	0	-0.040009607
456	0	-0.13961343
456.5	0	-0.237820867
457	0	-0.333649668
457.5	0	-0.426141372
458	0	-0.514370895
458.5	0	-0.597455784
459	0	-0.67456504
459.5	0	-0.744927432
460	0	-0.807839209
460.5	0	-0.86267114
461	0	-0.908874808
461.5	0	-0.945988092
462	0	-0.973639793
462.5	0	-0.991553344
463	0	-0.999549577
463.5	0	-0.997548516
464	0	-0.985570175
464.5	0	-0.963734359
465	0	-0.932259465
465.5	0	-0.891460299
466	0	-0.841744926
466.5	0	-0.783610589
467	0	-0.717638736
467.5	0	-0.644489204
468	0	-0.564893621
468.5	0	-0.479648084
469	0	-0.389605204
469.5	0	-0.295665571
470	0	-0.198768751
470.5	0	-0.099883885
471	0	-1.07794E-14
471.5	0	0.099883885
472	0	0.198768751
472.5	0	0.295665571
473	0	0.389605204
473.5	0	0.479648084
474	0	0.564893621
474.5	0	0.644489204
475	0	0.717638736
475.5	0	0.783610589
476	0	0.841744926
476.5	0	0.891460299
477	0	0.932259465
477.5	0	0.963734359
478	0	0.985570175
478.5	0	0.997548516
479	0	0.999549577
479.5	0	0.991553344
480	0	0.973639793
480.5	0	0.945988092
481	0	0.908874808
481.5	0	0.86267114
482	0	0.807839209
482.5	0	0.744927432
483	0	0.67456504
483.5	0	0.597455784
484	0	0.514370895
484.5	0	0.426141372
485	0	0.333649668
485.5	0	0.237820867
486	0	0.13961343
486.5	0	0.040009607
487	0	-0.059994385
487.5	0	-0.159398324
488	0	-0.257207993
488.5	0	-0.35244512
489	0	-0.444157161
489.5	0	-0.531426831
490	0	-0.613381277
490.5	0	-0.689200806
491	0	-0.758127087
491.5	0	-0.819470733
492	0	-0.872618197
492.5	0	-0.917037909
493	0	-0.952285592
493.5	0	-0.978008705
494	0	-0.993949971
494.5	0	-0.99994995
495	0	-0.995948629
495.5	0	-0.98198603
496	0	-0.958201804
496.5	0	-0.924833835
497	0	-0.882215864
497.5	0	-0.830774147
498	0	-0.771023194
498.5	0	-0.703560621
499	0	-0.629061176
499.5	0	-0.548269987
500	0	-0.461995112
500.5	0	-0.371099455
501	0	-0.276492135
501.5	0	-0.179119396
502	0	-0.079955141
502.5	0	0.020008809
503	0	0.119772635
503.5	0	0.218338519
504	0	0.314720626
504.5	0	0.407954959
505	0	0.497109009
505.5	0	0.581291075
506	0	0.659659183
506.5	0	0.731429513
507	0	0.795884232
507.5	0	0.852378676
508	0	0.9003478
508.5	0	0.939311825
509	0	0.968881042
509.5	0	0.988759705
510	0	0.998748993
510.5	0	0.998748993
511	0	0.988759705
511.5	0	0.968881042
512	0	0.939311825
512.5	0	0.9003478
513	0	0.852378676
513.5	0	0.795884232
514	0	0.731429513
514.5	0	0.659659183
515	0	0.581291075
515.5	0	0.497109009
516	0	0.407954959
516.5	0	0.314720626
517	0	0.218338519
517.5	0	0.119772635
518	0	0.020008809
518.5	0	-0.079955141
519	0	-0.179119396
519.5	0	-0.276492135
520	0	-0.371099455
520.5	0	-0.461995112
521	0	-0.548269987
521.5	0	-0.629061176
522	0	-0.703560621
522.5	0	-0.771023194
523	0	-0.830774147
523.5	0	-0.882215864
524	0	-0.924833835
524.5	0	-0.958201804
525	0	-0.98198603
525.5	0	-0.995948629
526	0	-0.99994995
526.5	0	-0.993949971
527	0	-0.978008705
527.5	0	-0.952285592
528	0	-0.917037909
528.5	0	-0.872618197
529	0	-0.819470733
529.5	0	-0.758127087
530	0	-0.689200806
530.5	0	-0.613381277
531	0	-0.531426831
531.5	0	-0.444157161
532	0	-0.35244512
532.5	0	-0.257207993
533	0	-0.159398324
533.5	0	-0.059994385
534	0	0.040009607
534.5	0	0.13961343
535	0	0.237820867
535.5	0	0.333649668
536	0	0.426141372
536.5	0	0.514370895
537	0	0.597455784
537.5	0	0.67456504
538	0	0.744927432
538.5	0	0.807839209
539	0	0.86267114
539.5	0	0.908874808
540	0	0.945988092
540.5	0	0.973639793
541	0	0.991553344
541.5	0	0.999549577
542	0	0.997548516
542.5	0	0.985570175
543	0	0.963734359
543.5	0	0.932259465
544	0	0.891460299
544.5	0	0.841744926
545	0	0.783610589
545.5	0	0.717638736
546	0	0.644489204
546.5	0	0.564893621
547	0	0.479648084
547.5	0	0.389605204
548	0	0.295665571
548.5	0	0.198768751
549	0	0.099883885
549.5	0	7.83898E-15
550	0	-0.099883885
550.5	0	-0.198768751
551	0	-0.295665571
551.5	0	-0.389605204
552	0	-0.479648084
552.5	0	-0.564893621
553	0	-0.644489204
553.5	0	-0.717638736
554	0	-0.783610589
554.5	0	-0.841744926
555	0	-0.891460299
555.5	0	-0.932259465
556	0	-0.963734359
556.5	0	-0.985570175
557	0	-0.997548516
557.5	0	-0.999549577
558	0	-0.991553344
558.5	0	-0.973639793
559	0	-0.945988092
559.5	0	-0.908874808
560	0	-0.86267114
560.5	0	-0.807839209
561	0	-0.744927432
561.5	0	-0.67456504
562	0	-0.597455784
562.5	0	-0.514370895
563	0	-0.426141372
563.5	0	-0.333649668
564	0	-0.237820867
564.5	0	-0.13961343
565	0	-0.040009607
565.5	0	0.059994385
566	0	0.159398324
566.5	0	0.257207993
567	0	0.35244512
567.5	0	0.444157161
568	0	0.531426831
568.5	0	0.613381277
569	0	0.689200806
569.5	0	0.758127087
570	0	0.819470733
570.5	0	0.872618197
571	0	0.917037909
571.5	0	0.952285592
572	0	0.978008705
572.5	0	0.993949971
573	0	0.99994995
573.5	0	0.995948629
574	0	0.98198603
574.5	0	0.958201804
575	0	0.924833835
575.5	0	0.882215864
576	0	0.830774147
576.5	0	0.771023194
577	0	0.703560621
577.5	0	0.629061176
578	0	0.548269987
578.5	0	0.461995112
579	0	0.371099455
579.5	0	0.276492135
580	0	0.179119396
580.5	0	0.079955141
581	0	-0.020008809
581.5	0	-0.119772635
582	0	-0.218338519
582.5	0	-0.314720626
583	0	-0.407954959
583.5	0	-0.497109009
584	0	-0.581291075
584.5	0	-0.659659183
585	0	-0.731429513
585.5	0	-0.795884232
586	0	-0.852378676
586.5	0	-0.9003478
587	0	-0.939311825
587.5	0	-0.968881042
588	0	-0.988759705
588.5	0	-0.998748993
589	0	-0.998748993
589.5	0	-0.988759705
590	0	-0.968881042
590.5	0	-0.939311825
591	0	-0.9003478
591.5	0	-0.852378676
592	0	-0.795884232
592.5	0	-0.731429513
593	0	-0.659659183
593.5	0	-0.581291075
594	0	-0.497109009
594.5	0	-0.407954959
595	0	-0.314720626
595.5	0	-0.218338519
596	0	-0.119772635
596.5	0	-0.020008809
597	0	0.079955141
597.5	0	0.179119396
598	0	0.276492135
598.5	0	0.371099455
599	0	0.461995112
599.5	0	0.548269987
600	0	0.629061176
600.5	0	0.703560621
601	0	0.771023194
601.5	0	0.830774147
602	0	0.882215864
602.5	0	0.924833835
603	0	0.958201804
603.5	0	0.98198603
604	0	0.995948629
604.5	0	0.99994995
605	0	0.993949971
605.5	0	0.978008705
606	0	0.952285592
606.5	0	0.917037909
607	0	0.872618197
607.5	0	0.819470733
608	0	0.758127087
608.5	0	0.689200806
609	0	0.613381277
609.5	0	0.531426831
610	0	0.444157161
610.5	0	0.35244512
611	0	0.257207993
611.5	0	0.159398324
612	0	0.059994385
612.5	0	-0.040009607
613	0	-0.13961343
613.5	0	-0.237820867
614	0	-0.333649668
614.5	0	-0.426141372
615	0	-0.514370895
615.5	0	-0.597455784
616	0	-0.67456504
616.5	0	-0.744927432
617	0	-0.807839209
617.5	0	-0.86267114
618	0	-0.908874808
618.5	0	-0.945988092
619	0	-0.973639793
619.5	0	-0.991553344
620	0	-0.999549577
620.5	0	-0.997548516
621	0	-0.985570175
621.5	0	-0.963734359
622	0	-0.932259465
622.5	0	-0.891460299
623	0	-0.841744926
623.5	0	-0.783610589
624	0	-0.717638736
624.5	0	-0.644489204
625	0	-0.564893621
625.5	0	-0.479648084
626	0	-0.389605204
626.5	0	-0.295665571
627	0	-0.198768751
627.5	0	-0.099883885
628	0	-4.89859E-15
628.5	0	0.099883885
629	0	0.198768751
629.5	0	0.295665571
630	0	0.389605204
630.5	0	0.479648084
631	0	0.564893621
631.5	0	0.644489204
632	0	0.717638736
632.5	0	0.783610589
633	0	0.841744926
633.5	0	0.891460299
634	0	0.932259465
634.5	0	0.963734359
635	0	0.985570175
635.5	0	0.997548516
636	0	0.999549577
636.5	0	0.991553344
637	0	0.973639793
637.5	0	0.945988092
638	0	0.908874808
638.5	0	0.86267114
639	0	0.807839209
639.5	0	0.744927432
640	0	0.67456504
640.5	0	0.597455784
641	0	0.514370895
641.5	0	0.426141372
642	0	0.333649668
642.5	0	0.237820867
643	0	0.13961343
643.5	0	0.040009607
644	0	-0.059994385
644.5	0	-0.159398324
645	0	-0.257207993
645.5	0	-0.35244512
646	0	-0.444157161
646.5	0	-0.531426831
647	0	-0.613381277
647.5	0	-0.689200806
648	0	-0.758127087
648.5	0	-0.819470733
649	0	-0.872618197
649.5	0	-0.917037909
650	0	-0.952285592
650.5	0	-0.978008705
651	0	-0.993949971
651.5	0	-0.99994995
652	0	-0.995948629
652.5	0	-0.98198603
653	0	-0.958201804
653.5	0	-0.924833835
654	0	-0.882215864
654.5	0	-0.830774147
655	0	-0.771023194
655.5	0	-0.703560621
656	0	-0.629061176
656.5	0	-0.548269987
657	0	-0.461995112
657.5	0	-0.371099455
658	0	-0.276492135
658.5	0	-0.179119396
659	0	-0.079955141
659.5	0	0.020008809
660	0	0.119772635
660.5	0	0.218338519
661	0	0.314720626
661.5	0	0.407954959
662	0	0.497109009
662.5	0	0.581291075
663	0	0.659659183
663.5	0	0.731429513
664	0	0.795884232
664.5	0	0.852378676
665	0	0.9003478
665.5	0	0.939311825
666	0	0.968881042
666.5	0	0.988759705
667	0	0.998748993
667.5	0	0.998748993
668	0	0.988759705
668.5	0	0.968881042
669	0	0.939311825
669.5	0	0.9003478
670	0	0.852378676
670.5	0	0.795884232
671	0	0.731429513
671.5	0	0.659659183
672	0	0.581291075
672.5	0	0.497109009
673	0	0.407954959
673.5	0	0.314720626
674	0	0.218338519
674.5	0	0.119772635
675	0	0.020008809
675.5	0	-0.079955141
676	0	-0.179119396
676.5	0	-0.276492135
677	0	-0.371099455
677.5	0	-0.461995112
678	0	-0.548269987
678.5	0	-0.629061176
679	0	-0.703560621
679.5	0	-0.771023194
680	0	-0.830774147
680.5	0	-0.882215864
681	0	-0.924833835
681.5	0	-0.958201804
682	0	-0.98198603
682.5	0	-0.995948629
683	0	-0.99994995
683.5	0	-0.993949971
684	0	-0.978008705
684.5	0	-0.952285592
685	0	-0.917037909
685.5	0	-0.872618197
686	0	-0.819470733
686.5	0	-0.758127087
687	0	-0.689200806
687.5	0	-0.613381277
688	0	-0.531426831
688.5	0	-0.444157161
689	0	-0.35244512
689.5	0	-0.257207993
690	0	-0.159398324
690.5	0	-0.059994385
691	0	0.040009607
691.5	0	0.13961343
692	0	0.237820867
692.5	0	0.333649668
693	0	0.426141372
693.5	0	0.514370895
694	0	0.597455784
694.5	0	0.67456504
695	0	0.744927432
695.5	0	0.807839209
696	0	0.86267114
696.5	0	0.908874808
697	0	0.945988092
697.5	0	0.973639793
698	0	0.991553344
698.5	0	0.999549577
699	0	0.997548516
699.5	0	0.985570175
700	0	0.963734359
700.5	0	0.932259465
701	0	0.891460299
701.5	0	0.841744926
702	0	0.783610589
702.5	0	0.717638736
703	0	0.644489204
703.5	0	0.564893621
704	0	0.479648084
704.5	0	0.389605204
705	0	0.295665571
705.5	0	0.198768751
706	0	0.099883885
706.5	0	1.9582E-15
707	0	-0.099883885
707.5	0	-0.198768751
708	0	-0.295665571
708.5	0	-0.389605204
709	0	-0.479648084
709.5	0	-0.564893621
710	0	-0.644489204
710.5	0	-0.717638736
711	0	-0.783610589
711.5	0	-0.841744926
712	0	-0.891460299
712.5	0	-0.932259465
713	0	-0.963734359
713.5	0	-0.985570175
714	0	-0.997548516
714.5	0	-0.999549577
715	0	-0.991553344
715.5	0	-0.973639793
716	0	-0.945988092
716.5	0	-0.908874808
717	0	-0.86267114
717.5	0	-0.807839209
718	0	-0.744927432
718.5	0	-0.67456504
719	0	-0.597455784
719.5	0	-0.514370895
720	0	-0.426141372
720.5	0	-0.333649668
721	0	-0.237820867
721.5	0	-0.13961343
722	0	-0.040009607
722.5	0	0.059994385
723	0	0.159398324
723.5	0	0.257207993
724	0	0.35244512
724.5	0	0.444157161
725	0	0.531426831
725.5	0	0.613381277
726	0	0.689200806
726.5	0	0.758127087
727	0	0.819470733
727.5	0	0.872618197
728	0	0.917037909
728.5	0	0.952285592
729	0	0.978008705
729.5	0	0.993949971
730	0	0.99994995
730.5	0	0.995948629
731	0	0.98198603
731.5	0	0.958201804
732	0	0.924833835
732.5	0	0.882215864
733	0	0.830774147
733.5	0	0.771023194
734	0	0.703560621
734.5	0	0.629061176
735	0	0.548269987
735.5	0	0.461995112
736	0	0.371099455
736.5	0	0.276492135
737	0	0.179119396
737.5	0	0.079955141
738	0	-0.020008809
738.5	0	-0.119772635
739	0	-0.218338519
739.5	0	-0.314720626
740	0	-0.407954959
740.5	0	-0.497109009
741	0	-0.581291075
741.5	0	-0.659659183
742	0	-0.731429513
742.5	0	-0.795884232
743	0	-0.852378676
743.5	0	-0.9003478
744	0	-0.939311825
744.5	0	-0.968881042
745	0	-0.988759705
745.5	0	-0.998748993
746	0	-0.998748993
746.5	0	-0.988759705
747	0	-0.968881042
747.5	0	-0.939311825
748	0	-0.9003478
748.5	0	-0.852378676
749	0	-0.795884232
749.5	0	-0.731429513
750	0	-0.659659183
750.5	0	-0.581291075
751	0	-0.497109009
751.5	0	-0.407954959
752	0	-0.314720626
752.5	0	-0.218338519
753	0	-0.119772635
753.5	0	-0.020008809
754	0	0.079955141
754.5	0	0.179119396
755	0	0.276492135
755.5	0	0.371099455
756	0	0.461995112
756.5	0	0.548269987
757	0	0.629061176
757.5	0	0.703560621
758	0	0.771023194
758.5	0	0.830774147
759	0	0.882215864
759.5	0	0.924833835
760	0	0.958201804
760.5	0	0.98198603
761	0	0.995948629
761.5	0	0.99994995
762	0	0.993949971
762.5	0	0.978008705
763	0	0.952285592
763.5	0	0.917037909
764	0	0.872618197
764.5	0	0.819470733
765	0	0.758127087
765.5	0	0.689200806
766	0	0.613381277
766.5	0	0.531426831
767	0	0.444157161
767.5	0	0.35244512
768	0	0.257207993
768.5	0	0.159398324
769	0	0.059994385
769.5	0	-0.040009607
770	0	-0.13961343
770.5	0	-0.237820867
771	0	-0.333649668
771.5	0	-0.426141372
772	0	-0.514370895
772.5	0	-0.597455784
773	0	-0.67456504
773.5	0	-0.744927432
774	0	-0.807839209
774.5	0	-0.86267114
775	0	-0.908874808
775.5	0	-0.945988092
776	0	-0.973639793
776.5	0	-0.991553344
777	0	-0.999549577
777.5	0	-0.997548516
778	0	-0.985570175
778.5	0	-0.963734359
779	0	-0.932259465
779.5	0	-0.891460299
780	0	-0.841744926
780.5	0	-0.783610589
781	0	-0.717638736
781.5	0	-0.644489204
782	0	-0.564893621
782.5	0	-0.479648084
783	0	-0.389605204
783.5	0	-0.295665571
784	0	-0.198768751
784.5	0	-0.099883885
785	0	9.82193E-16
785.5	0	0.099883885
786	0	0.198768751
786.5	0	0.295665571
787	0	0.389605204
787.5	0	0.479648084
788	0	0.564893621
788.5	0	0.644489204
789	0	0.717638736
789.5	0	0.783610589
790	0	0.841744926
790.5	0	0.891460299
791	0	0.932259465
791.5	0	0.963734359
792	0	0.985570175
792.5	0	0.997548516
793	0	0.999549577
793.5	0	0.991553344
794	0	0.973639793
794.5	0	0.945988092
795	0	0.908874808
795.5	0	0.86267114
796	0	0.807839209
796.5	0	0.744927432
797	0	0.67456504
797.5	0	0.597455784
798	0	0.514370895
798.5	0	0.426141372
799	0	0.333649668
799.5	0	0.237820867
800	0	0.13961343
800.5	0	0.040009607
801	0	-0.059994385
801.5	0	-0.159398324
802	0	-0.257207993
802.5	0	-0.35244512
803	0	-0.444157161
803.5	0	-0.531426831
804	0	-0.613381277
804.5	0	-0.689200806
805	0	-0.758127087
805.5	0	-0.819470733
806	0	-0.872618197
806.5	0	-0.917037909
807	0	-0.952285592
807.5	0	-0.978008705
808	0	-0.993949971
808.5	0	-0.99994995
809	0	-0.995948629
809.5	0	-0.98198603
810	0	-0.958201804
810.5	0	-0.924833835
811	0	-0.882215864
811.5	0	-0.830774147
812	0	-0.771023194
812.5	0	-0.703560621
813	0	-0.629061176
813.5	0	-0.548269987
814	0	-0.461995112
814.5	0	-0.371099455
815	0	-0.276492135
815.5	0	-0.179119396
816	0	-0.079955141
816.5	0	0.020008809
817	0	0.119772635
817.5	0	0.218338519
818	0	0.314720626
818.5	0	0.407954959
819	0	0.497109009
819.5	0	0.581291075
820	0	0.659659183
820.5	0	0.731429513
821	0	0.795884232
821.5	0	0.852378676
822	0	0.9003478
822.5	0	0.939311825
823	0	0.968881042
823.5	0	0.988759705
824	0	0.998748993
824.5	0	0.998748993
825	0	0.988759705
825.5	0	0.968881042
826	0	0.939311825
826.5	0	0.9003478
827	0	0.852378676
827.5	0	0.795884232
828	0	0.731429513
828.5	0	0.659659183
829	0	0.581291075
829.5	0	0.497109009
830	0	0.407954959
830.5	0	0.314720626
831	0	0.218338519
831.5	0	0.119772635
832	0	0.020008809
832.5	0	-0.079955141
833	0	-0.179119396
833.5	0	-0.276492135
834	0	-0.371099455
834.5	0	-0.461995112
835	0	-0.548269987
835.5	0	-0.629061176
836	0	-0.703560621
836.5	0	-0.771023194
837	0	-0.830774147
837.5	0	-0.882215864
838	0	-0.924833835
838.5	0	-0.958201804
839	0	-0.98198603
839.5	0	-0.995948629
840	0	-0.99994995
840.5	0	-0.993949971
841	0	-0.978008705
841.5	0	-0.952285592
842	0	-0.917037909
842.5	0	-0.872618197
843	0	-0.819470733
843.5	0	-0.758127087
844	0	-0.689200806
844.5	0	-0.613381277
845	0	-0.531426831
845.5	0	-0.444157161
846	0	-0.35244512
846.5	0	-0.257207993
847	0	-0.159398324
847.5	0	-0.059994385
848	0	0.040009607
848.5	0	0.13961343
849	0	0.237820867
849.5	0	0.333649668
850	0	0.426141372
850.5	0	0.514370895
851	0	0.597455784
851.5	0	0.67456504
852	0	0.744927432
852.5	0	0.807839209
853	0	0.86267114
853.5	0	0.908874808
854	0	0.945988092
854.5	0	0.973639793
855	0	0.991553344
855.5	0	0.999549577
856	0	0.997548516
856.5	0	0.985570175
857	0	0.963734359
857.5	0	0.932259465
858	0	0.891460299
858.5	0	0.841744926
859	0	0.783610589
859.5	0	0.717638736
860	0	0.644489204
860.5	0	0.564893621
861	0	0.479648084
861.5	0	0.389605204
862	0	0.295665571
862.5	0	0.198768751
863	0	0.099883885
863.5	0	-3.92258E-15
864	0	-0.099883885
864.5	0	-0.198768751
865	0	-0.295665571
865.5	0	-0.389605204
866	0	-0.479648084
866.5	0	-0.564893621
867	0	-0.644489204
867.5	0	-0.717638736
868	0	-0.783610589
868.5	0	-0.841744926
869	0	-0.891460299
869.5	0	-0.932259465
870	0	-0.963734359
870.5	0	-0.985570175
871	0	-0.997548516
871.5	0	-0.999549577
872	0	-0.991553344
872.5	0	-0.973639793
873	0	-0.945988092
873.5	0	-0.908874808
874	0	-0.86267114
874.5	0	-0.807839209
875	0	-0.744927432
875.5	0	-0.67456504
876	0	-0.597455784
876.5	0	-0.514370895
877	0	-0.426141372
877.5	0	-0.333649668
878	0	-0.237820867
878.5	0	-0.13961343
879	0	-0.040009607
879.5	0	0.059994385
880	0	0.159398324
880.5	0	0.257207993
881	0	0.35244512
881.5	0	0.444157161
882	0	0.531426831
882.5	0	0.613381277
883	0	0.689200806
883.5	0	0.758127087
884	0	0.819470733
884.5	0	0.872618197
885	0	0.917037909
885.5	0	0.952285592
886	0	0.978008705
886.5	0	0.993949971
887	0	0.99994995
887.5	0	0.995948629
888	0	0.98198603
888.5	0	0.958201804
889	0	0.924833835
889.5	0	0.882215864
890	0	0.830774147
890.5	0	0.771023194
891	0	0.703560621
891.5	0	0.629061176
892	0	0.548269987
892.5	0	0.461995112
893	0	0.371099455
893.5	0	0.276492135
894	0	0.179119396
894.5	0	0.079955141
895	0	-0.020008809
895.5	0	-0.119772635
896	0	-0.218338519
896.5	0	-0.314720626
897	0	-0.407954959
897.5	0	-0.497109009
898	0	-0.581291075
898.5	0	-0.659659183
899	0	-0.731429513
899.5	0	-0.795884232
900	0	-0.852378676
900.5	0	-0.9003478
901	0	-0.939311825
901.5	0	-0.968881042
902	0	-0.988759705
902.5	0	-0.998748993
903	0	-0.998748993
903.5	0	-0.988759705
904	0	-0.968881042
904.5	0	-0.939311825
905	0	-0.9003478
905.5	0	-0.852378676
906	0	-0.795884232
906.5	0	-0.731429513
907	0	-0.659659183
907.5	0	-0.581291075
908	0	-0.497109009
908.5	0	-0.407954959
909	0	-0.314720626
909.5	0	-0.218338519
910	0	-0.119772635
910.5	0	-0.020008809
911	0	0.079955141
911.5	0	0.179119396
912	0	0.276492135
912.5	0	0.371099455
913	0	0.461995112
913.5	0	0.548269987
914	0	0.629061176
914.5	0	0.703560621
915	0	0.771023194
915.5	0	0.830774147
916	0	0.882215864
916.5	0	0.924833835
917	0	0.958201804
917.5	0	0.98198603
918	0	0.995948629
918.5	0	0.99994995
919	0	0.993949971
919.5	0	0.978008705
920	0	0.952285592
920.5	0	0.917037909
921	0	0.872618197
921.5	0	0.819470733
922	0	0.758127087
922.5	0	0.689200806
923	0	0.613381277
923.5	0	0.531426831
924	0	0.444157161
924.5	0	0.35244512
925	0	0.257207993
925.5	0	0.159398324
926	0	0.059994385
926.5	0	-0.040009607
927	0	-0.13961343
927.5	0	-0.237820867
928	0	-0.333649668
928.5	0	-0.426141372
929	0	-0.514370895
929.5	0	-0.597455784
930	0	-0.67456504
930.5	0	-0.744927432
931	0	-0.807839209
931.5	0	-0.86267114
932	0	-0.908874808
932.5	0	-0.945988092
933	0	-0.973639793
933.5	0	-0.991553344
934	0	-0.999549577
934.5	0	-0.997548516
935	0	-0.985570175
935.5	0	-0.963734359
936	0	-0.932259465
936.5	0	-0.891460299
937	0	-0.841744926
937.5	0	-0.783610589
938	0	-0.717638736
938.5	0	-0.644489204
939	0	-0.564893621
939.5	0	-0.479648084
940	0	-0.389605204
940.5	0	-0.295665571
941	0	-0.198768751
941.5	0	-0.099883885
942	0	-2.15587E-14
942.5	0	0.099883885
943	0	0.198768751
943.5	0	0.295665571
944	0	0.389605204
944.5	0	0.479648084
945	0	0.564893621
945.5	0	0.644489204
946	0	0.717638736
946.5	0	0.783610589
947	0	0.841744926
947.5	0	0.891460299
948	0	0.932259465
948.5	0	0.963734359
949	0	0.985570175
949.5	0	0.997548516
950	0	0.999549577
950.5	0	0.991553344
951	0	0.973639793
951.5	0	0.945988092
952	0	0.908874808
952.5	0	0.86267114
953	0	0.807839209
953.5	0	0.744927432
954	0	0.67456504
954.5	0	0.597455784
955	0	0.514370895
955.5	0	0.426141372
956	0	0.333649668
956.5	0	0.237820867
957	0	0.13961343
957.5	0	0.040009607
958	0	-0.059994385
958.5	0	-0.159398324
959	0	-0.257207993
959.5	0	-0.35244512
960	0	-0.444157161
960.5	0	-0.531426831
961	0	-0.613381277
961.5	0	-0.689200806
962	0	-0.758127087
962.5	0	-0.819470733
963	0	-0.872618197
963.5	0	-0.917037909
964	0	-0.952285592
964.5	0	-0.978008705
965	0	-0.993949971
965.5	0	-0.99994995
966	0	-0.995948629
966.5	0	-0.98198603
967	0	-0.958201804
967.5	0	-0.924833835
968	0	-0.882215864
968.5	0	-0.830774147
969	0	-0.771023194
969.5	0	-0.703560621
970	0	-0.629061176
970.5	0	-0.548269987
971	0	-0.461995112
971.5	0	-0.371099455
972	0	-0.276492135
972.5	0	-0.179119396
973	0	-0.079955141
973.5	0	0.015006607
974	0	0.089829476
974.5	0	0.16375389
975	0	0.236040469
975.5	0	0.305966219
976	0	0.372831757
976.5	0	0.435968306
977	0	0.494744387
977.5	0	0.548572135
978	0	0.596913174
978.5	0	0.639284007
979	0	0.67526085
979.5	0	0.704483869
980	0	0.726660782
980.5	0	0.741569779
981	0	0.749061744
981.5	0	0.749061744
982	0	0.741569779
982.5	0	0.726660782
983	0	0.704483869
983.5	0	0.67526085
984	0	0.639284007
984.5	0	0.596913174
985	0	0.548572135
985.5	0	0.494744387
986	0	0.435968306
986.5	0	0.372831757
987	0	0.305966219
987.5	0	0.236040469
988	0	0.16375389
988.5	0	0.089829476
989	0	0.015006607
989.5	0	-0.019988785
990	0	-0.044779849
990.5	0	-0.069123034
991	0	-0.092774864
991.5	0	-0.115498778
992	0	-0.137067497
992.5	0	-0.157265294
993	0	-0.175890155
993.5	0	-0.192755798
994	0	-0.207693537
994.5	0	-0.220553966
995	0	-0.231208459
995.5	0	-0.239550451
996	0	-0.245496508
996.5	0	-0.248987157
997	0	-0.249987487
997.5	0	-0.248487493
998	0	-0.244502176
998.5	0	-0.238071398
999	0	-0.229259477
999.5	0	-0.218154549
1000	0	-0.204867683
1000.5	0	-0.189531772
1001	0	-0.172300201
1001.5	0	-0.153345319
1002	0	-0.132856708
1002.5	0	-0.11103929
1003	0	-0.08811128
1003.5	0	-0.064301998
1004	0	-0.039849581
1004.5	0	-0.014998596
1005	0	0
1005.5	0	0
1006	0	0
1006.5	0	0
1007	0	0
1007.5	0	0
1008	0	0
1008.5	0	0
1009	0	0
1009.5	0	0
1010	0	0
1010.5	0	0
1011	0	0
1011.5	0	0
1012	0	0
1012.5	0	0
1013	0	0
1013.5	0	0
1014	0	0
1014.5	0	0
1015	0	0
1015.5	0	0
1016	0	0
1016.5	0	0
1017	0	0
1017.5	0	0
1018	0	0
1018.5	0	0
1019	0	0
1019.5	0	0
1020	0	0
1020.5	0	0
1021	0	0
1021.5	0	0
1022	0	0
1022.5	0	0
1023	0	0
1023.5	0	0
1024	0	0
1024.5	0	0
1025	0	0
1025.5	0	0
1026	0	0
1026.5	0	0
1027	0	0
1027.5	0	0
1028	0	0
1028.5	0	0
1029	0	0
1029.5	0	0
1030	0	0
1030.5	0	0
1031	0	0
1031.5	0	0
1032	0	0
1032.5	0	0
1033	0	0
1033.5	0	0
1034	0	0
1034.5	0	0
1035	0	0
1035.5	0	0
1036	0	0
1036.5	0	0
1037	0	0
1037.5	0	0
1038	0	0
1038.5	0	0
1039	0	0
1039.5	0	0
1040	0	0
1040.5	0	0
1041	0	0
1041.5	0	0
1042	0	0
1042.5	0	0
1043	0	0
1043.5	0	0
1044	0	0
1044.5	0	0
1045	0	0
1045.5	0	0
1046	0	0
1046.5	0	0
1047	0	0
1047.5	0	0
1048	0	0
1048.5	0	0
1049	0	0
1049.5	0	0
1050	0	0
1050.5	0	0
1051	0	0
1051.5	0	0
1052	0	0
1052.5	0	0
1053	0	0
1053.5	0	0
1054	0	0
1054.5	0	0
1055	0	0
1055.5	0	0
1056	0	0
1056.5	0	0
1057	0	0
1057.5	0	0
1058	0	0
1058.5	0	0
1059	0	0
1059.5	0	0
1060	0	0
1060.5	0	0
1061	0	0
1061.5	0	0
1062	0	0
1062.5	0	0
1063	0	0
1063.5	0	0
1064	0	0
1064.5	0	0
1065	0	0
1065.5	0	0
1066	0	0
1066.5	0	0
1067	0	0
1067.5	0	0
1068	0	0
1068.5	0	0
1069	0	0
1069.5	0	0
1070	0	0
1070.5	0	0
1071	0	0
1071.5	0	0
1072	0	0
1072.5	0	0
1073	0	0
1073.5	0	0
1074	0	0
1074.5	0	0
1075	0	0
1075.5	0	0
1076	0	0
1076.5	0	0
1077	0	0
1077.5	0	0
1078	0	0
1078.5	0	0
1079	0	0
1079.5	0	0
1080	0	0
1080.5	0	0
1081	0	0
1081.5	0	0
1082	0	0
1082.5	0	0
1083	0	0
1083.5	0	0
1084	0	0
1084.5	0	0
1085	0	0
1085.5	0	0
1086	0	0
1086.5	0	0
1087	0	0
1087.5	0	0
1088	0	0
1088.5	0	0
1089	0	0
1089.5	0	0
1090	0	0
1090.5	0	0
1091	0	0
1091.5	0	0
1092	0	0
1092.5	0	0
1093	0	0
1093.5	0	0
1094	0	0
1094.5	0	0
1095	0	0
1095.5	0	0
1096	0	0
1096.5	0	0
1097	0	0
1097.5	0	0
1098	0	0
1098.5	0	0
1099	0	0
1099.5	0	0
1100	0	0
1100.5	0	0
1101	0	0
1101.5	0	0
1102	0	0
1102.5	0	0
1103	0	0
1103.5	0	0
1104	0	0
1104.5	0	0
1105	0	0
1105.5	0	0
1106	0	0
1106.5	0	0
1107	0	0
1107.5	0	0
1108	0	0
1108.5	0	0
1109	0	0
1109.5	0	0
1110	0	0
1110.5	0	0
1111	0	0
1111.5	0	0
1112	0	0
1112.5	0	0
1113	0	0
1113.5	0	0
1114	0	0
1114.5	0	0
1115	0	0
1115.5	0	0
1116	0	0
1116.5	0	0
1117	0	0
1117.5	0	0
1118	0	0
1118.5	0	0
1119	0	0
1119.5	0	0
1120	0	0
1120.5	0	0
1121	0	0
1121.5	0	0
1122	0	0
1122.5	0	0
1123	0	0
1123.5	0	0
1124	0	0
1124.5	0	0
1125	0	0
1125.5	0	0
1126	0	0
1126.5	0	0
1127	0	0
1127.5	0	0
1128	0	0
1128.5	0	0
1129	0	0
1129.5	0	0
1130	0	0
1130.5	0	0
1131	0	0
1131.5	0	0
1132	0	0
1132.5	0	0
1133	0	0
1133.5	0	0
1134	0	0
1134.5	0	0
1135	0	0
1135.5	0	0
1136	0	0
1136.5	0	0
1137	0	0
1137.5	0	0
1138	0	0
1138.5	0	0
1139	0	0
1139.5	0	0
1140	0	0
1140.5	0	0
1141	0	0
1141.5	0	0
1142	0	0
1142.5	0	0
1143	0	0
1143.5	0	0
1144	0	0
1144.5	0	0
1145	0	0
1145.5	0	0
1146	0	0
1146.5	0	0
1147	0	0
1147.5	0	0
1148	0	0
1148.5	0	0
1149	0	0
1149.5	0	0
1150	0	0
1150.5	0	0
1151	0	0
1151.5	0	0
1152	0	0
1152.5	0	0
1153	0	0
1153.5	0	0
1154	0	0
1154.5	0	0
1155	0	0
1155.5	0	0
1156	0	0
1156.5	0	0
1157	0	0
1157.5	0	0
1158	0	0
1158.5	0	0
1159	0	0
1159.5	0	0
1160	0	0
1160.5	0	0
1161	0	0
1161.5	0	0
1162	0	0
1162.5	0	0
1163	0	0
1163.5	0	0
1164	0	0
1164.5	0	0
1165	0	0
1165.5	0	0
1166	0	0
1166.5	0	0
1167	0	0
1167.5	0	0
1168	0	0
1168.5	0	0
1169	0	0
1169.5	0	0
1170	0	0
1170.5	0	0
1171	0	0
1171.5	0	0
1172	0	0
1172.5	0	0
1173	0	0
1173.5	0	0
1174	0	0
1174.5	0	0
1175	0	0
1175.5	0	0
1176	0	0
1176.5	0	0
1177	0	0
1177.5	0	0
1178	0	0
1178.5	0	0
1179	0	0
1179.5	0	0
1180	0	0
1180.5	0	0
1181	0	0
1181.5	0	0
1182	0	0
1182.5	0	0
1183	0	0
1183.5	0	0
1184	0	0
1184.5	0	0
1185	0	0
1185.5	0	0
1186	0	0
1186.5	0	0
1187	0	0
1187.5	0	0
1188	0	0
1188.5	0	0
1189	0	0
1189.5	0	0
1190	0	0
1190.5	0	0
1191	0	0
1191.5	0	0
1192	0	0
1192.5	0	0
1193	0	0
1193.5	0	0
1194	0	0
1194.5	0	0
1195	0	0
1195.5	0	0
1196	0	0
1196.5	0	0
1197	0	0
1197.5	0	0
1198	0	0
1198.5	0	0
1199	0	0
1199.5	0	0
1200	0	0